2000	10	1	0	2.053
2000	10	2	0	2.026
2000	10	3	0	1.981
2000	10	4	0	1.902
2000	10	5	0	1.827
2000	10	6	0	1.754
2000	10	7	0	1.693
2000	10	8	0	1.785
2000	10	9	0	1.947
2000	10	10	0	2.213
2000	10	11	0	2.924
2000	10	12	0	3.478
2000	10	13	0	4.141
2000	10	14	0	3.744
2000	10	15	0	3.466
2000	10	16	0	3.132
2000	10	17	0	3.171
2000	10	18	0	3.969
2000	10	19	0	4.45
2000	10	20	0	4.47
2000	10	21	0	4.266
2000	10	22	0	5.124
2000	10	23	0	5.149
2000	10	24	0	4.699
2000	10	25	0	4.316
2000	10	26	0	3.901
2000	10	27	0	3.528
2000	10	28	0	3.236
2000	10	29	0	3.041
2000	10	30	0	2.917
2000	10	31	0	2.825
2000	11	1	0	2.802
2000	11	2	0	2.818
2000	11	3	0	2.741
2000	11	4	0	2.683
2000	11	5	0	2.627
2000	11	6	0	2.528
2000	11	7	0	2.385
2000	11	8	0	2.396
2000	11	9	0	2.36
2000	11	10	0	2.292
2000	11	11	0	2.198
2000	11	12	0	2.126
2000	11	13	0	2.14
2000	11	14	0	2.109
2000	11	15	0	1.888
2000	11	16	0	1.717
2000	11	17	0	1.771
2000	11	18	0	1.83
2000	11	19	0	1.852
2000	11	20	0	1.856
2000	11	21	0	1.855
2000	11	22	0	1.806
2000	11	23	0	1.742
2000	11	24	0	1.726
2000	11	25	0	1.738
2000	11	26	0	1.701
2000	11	27	0	1.667
2000	11	28	0	1.608
2000	11	29	0	1.441
2000	11	30	0	1.506
2000	12	1	0	1.565
2000	12	2	0	1.565
2000	12	3	0	1.553
2000	12	4	0	1.515
2000	12	5	0	1.467
2000	12	6	0	1.563
2000	12	7	0	1.93
2000	12	8	0	2.062
2000	12	9	0	2.038
2000	12	10	0	1.936
2000	12	11	0	1.831
2000	12	12	0	1.731
2000	12	13	0	1.677
2000	12	14	0	1.68
2000	12	15	0	1.569
2000	12	16	0	1.477
2000	12	17	0	1.393
2000	12	18	0	1.289
2000	12	19	0	1.176
2000	12	20	0	1.058
2000	12	21	0	1.01
2000	12	22	0	1.026
2000	12	23	0	1.074
2000	12	24	0	1.093
2000	12	25	0	1.077
2000	12	26	0	1.05
2000	12	27	0	1.026
2000	12	28	0	0.984
2000	12	29	0	0.937
2000	12	30	0	0.914
2000	12	31	0	0.898
2001	1	1	0	0.878
2001	1	2	0	0.878
2001	1	3	0	0.879
2001	1	4	0	0.891
2001	1	5	0	0.893
2001	1	6	0	0.912
2001	1	7	0	0.912
2001	1	8	0	0.903
2001	1	9	0	0.888
2001	1	10	0	0.878
2001	1	11	0	0.862
2001	1	12	0	0.842
2001	1	13	0	0.848
2001	1	14	0	0.831
2001	1	15	0	0.799
2001	1	16	0	0.779
2001	1	17	0	0.76
2001	1	18	0	0.741
2001	1	19	0	0.718
2001	1	20	0	0.697
2001	1	21	0	0.679
2001	1	22	0	0.673
2001	1	23	0	0.67
2001	1	24	0	0.681
2001	1	25	0	0.7
2001	1	26	0	0.696
2001	1	27	0	0.698
2001	1	28	0	0.697
2001	1	29	0	0.684
2001	1	30	0	0.67
2001	1	31	0	0.652
2001	2	1	0	0.638
2001	2	2	0	0.617
2001	2	3	0	0.596
2001	2	4	0	0.58
2001	2	5	0	0.567
2001	2	6	0	0.549
2001	2	7	0	0.549
2001	2	8	0	0.55
2001	2	9	0	0.542
2001	2	10	0	0.535
2001	2	11	0	0.533
2001	2	12	0	0.533
2001	2	13	0	0.524
2001	2	14	0	0.513
2001	2	15	0	0.511
2001	2	16	0	0.513
2001	2	17	0	0.501
2001	2	18	0	0.504
2001	2	19	0	0.499
2001	2	20	0	0.486
2001	2	21	0	0.488
2001	2	22	0	0.488
2001	2	23	0	0.484
2001	2	24	0	0.478
2001	2	25	0	0.477
2001	2	26	0	0.465
2001	2	27	0	0.46
2001	2	28	0	0.448
2001	3	1	0	0.441
2001	3	2	0	0.431
2001	3	3	0	0.425
2001	3	4	0	0.416
2001	3	5	0	0.409
2001	3	6	0	0.4
2001	3	7	0	0.4
2001	3	8	0	0.39
2001	3	9	0	0.392
2001	3	10	0	0.395
2001	3	11	0	0.391
2001	3	12	0	0.393
2001	3	13	0	0.393
2001	3	14	0	0.395
2001	3	15	0	0.394
2001	3	16	0	0.392
2001	3	17	0	0.389
2001	3	18	0	0.383
2001	3	19	0	0.376
2001	3	20	0	0.372
2001	3	21	0	0.368
2001	3	22	0	0.366
2001	3	23	0	0.361
2001	3	24	0	0.356
2001	3	25	0	0.353
2001	3	26	0	0.35
2001	3	27	0	0.343
2001	3	28	0	0.338
2001	3	29	0	0.336
2001	3	30	0	0.337
2001	3	31	0	0.337
2001	4	1	0	0.333
2001	4	2	0	0.339
2001	4	3	0	0.363
2001	4	4	0	0.396
2001	4	5	0	0.419
2001	4	6	0	0.423
2001	4	7	0	0.427
2001	4	8	0	0.426
2001	4	9	0	0.426
2001	4	10	0	0.426
2001	4	11	0	0.424
2001	4	12	0	0.421
2001	4	13	0	0.415
2001	4	14	0	0.405
2001	4	15	0	0.406
2001	4	16	0	0.406
2001	4	17	0	0.406
2001	4	18	0	0.407
2001	4	19	0	0.404
2001	4	20	0	0.401
2001	4	21	0	0.402
2001	4	22	0	0.402
2001	4	23	0	0.407
2001	4	24	0	0.422
2001	4	25	0	0.433
2001	4	26	0	0.466
2001	4	27	0	0.509
2001	4	28	0	0.574
2001	4	29	0	0.628
2001	4	30	0	0.676
2001	5	1	0	0.758
2001	5	2	0	0.841
2001	5	3	0	0.975
2001	5	4	0	1.111
2001	5	5	0	1.151
2001	5	6	0	1.113
2001	5	7	0	1.128
2001	5	8	0	1.29
2001	5	9	0	1.695
2001	5	10	0	2.399
2001	5	11	0	3.321
2001	5	12	0	4.431
2001	5	13	0	5.459
2001	5	14	0	6.222
2001	5	15	0	5.827
2001	5	16	0	5.198
2001	5	17	0	4.773
2001	5	18	0	4.627
2001	5	19	0	4.912
2001	5	20	0	5.138
2001	5	21	0	4.63
2001	5	22	0	3.99
2001	5	23	0	3.752
2001	5	24	0	4.075
2001	5	25	0	3.995
2001	5	26	0	3.629
2001	5	27	0	3.775
2001	5	28	0	4.613
2001	5	29	0	5.207
2001	5	30	0	5.074
2001	5	31	0	4.94
2001	6	1	0	5.091
2001	6	2	0	4.921
2001	6	3	0	4.378
2001	6	4	0	3.807
2001	6	5	0	3.49
2001	6	6	0	3.464
2001	6	7	0	4.098
2001	6	8	0	5.424
2001	6	9	0	5.686
2001	6	10	0	4.769
2001	6	11	0	4.072
2001	6	12	0	3.609
2001	6	13	0	3.255
2001	6	14	0	3.106
2001	6	15	0	3.122
2001	6	16	0	2.999
2001	6	17	0	2.968
2001	6	18	0	3.119
2001	6	19	0	3.399
2001	6	20	0	4.233
2001	6	21	0	7.807
2001	6	22	0	11.492
2001	6	23	0	10.962
2001	6	24	0	10.009
2001	6	25	0	9.239
2001	6	26	0	8.336
2001	6	27	0	7.716
2001	6	28	0	7.709
2001	6	29	0	8.127
2001	6	30	0	7.953
2001	7	1	0	7.894
2001	7	2	0	7.772
2001	7	3	0	7.001
2001	7	4	0	6.801
2001	7	5	0	8.574
2001	7	6	0	9.567
2001	7	7	0	7.883
2001	7	8	0	6.953
2001	7	9	0	7.229
2001	7	10	0	9.202
2001	7	11	0	10.681
2001	7	12	0	9.82
2001	7	13	0	8.094
2001	7	14	0	6.887
2001	7	15	0	6.11
2001	7	16	0	5.897
2001	7	17	0	6.248
2001	7	18	0	6.958
2001	7	19	0	6.456
2001	7	20	0	5.908
2001	7	21	0	5.487
2001	7	22	0	5.135
2001	7	23	0	5.463
2001	7	24	0	5.434
2001	7	25	0	4.978
2001	7	26	0	4.466
2001	7	27	0	4.004
2001	7	28	0	3.671
2001	7	29	0	3.427
2001	7	30	0	3.376
2001	7	31	0	3.235
2001	8	1	0	3.007
2001	8	2	0	2.809
2001	8	3	0	2.648
2001	8	4	0	3.083
2001	8	5	0	4.845
2001	8	6	0	7.029
2001	8	7	0	6.762
2001	8	8	0	5.608
2001	8	9	0	4.938
2001	8	10	0	4.751
2001	8	11	0	5.694
2001	8	12	0	4.708
2001	8	13	0	4.237
2001	8	14	0	3.882
2001	8	15	0	3.605
2001	8	16	0	3.436
2001	8	17	0	3.604
2001	8	18	0	3.624
2001	8	19	0	3.353
2001	8	20	0	3.113
2001	8	21	0	3.141
2001	8	22	0	3.11
2001	8	23	0	2.963
2001	8	24	0	2.815
2001	8	25	0	2.704
2001	8	26	0	2.874
2001	8	27	0	3.218
2001	8	28	0	3.247
2001	8	29	0	2.986
2001	8	30	0	2.773
2001	8	31	0	2.623
2001	9	1	0	2.584
2001	9	2	0	2.759
2001	9	3	0	2.787
2001	9	4	0	2.749
2001	9	5	0	2.658
2001	9	6	0	2.536
2001	9	7	0	2.422
2001	9	8	0	2.324
2001	9	9	0	2.297
2001	9	10	0	2.833
2001	9	11	0	3.612
2001	9	12	0	3.762
2001	9	13	0	3.564
2001	9	14	0	3.342
2001	9	15	0	3.207
2001	9	16	0	3.277
2001	9	17	0	3.453
2001	9	18	0	3.377
2001	9	19	0	3.21
2001	9	20	0	3.124
2001	9	21	0	3.157
2001	9	22	0	3.093
2001	9	23	0	2.945
2001	9	24	0	2.791
2001	9	25	0	2.667
2001	9	26	0	2.568
2001	9	27	0	2.476
2001	9	28	0	2.388
2001	9	29	0	2.28
2001	9	30	0	2.193
2001	10	1	0	2.262
2001	10	2	0	2.619
2001	10	3	0	2.623
2001	10	4	0	2.512
2001	10	5	0	2.388
2001	10	6	0	2.281
2001	10	7	0	2.582
2001	10	8	0	4.288
2001	10	9	0	4.997
2001	10	10	0	4.888
2001	10	11	0	4.671
2001	10	12	0	4.287
2001	10	13	0	3.956
2001	10	14	0	3.608
2001	10	15	0	3.328
2001	10	16	0	3.188
2001	10	17	0	3.192
2001	10	18	0	3.116
2001	10	19	0	2.956
2001	10	20	0	2.789
2001	10	21	0	2.652
2001	10	22	0	2.533
2001	10	23	0	2.418
2001	10	24	0	2.296
2001	10	25	0	2.241
2001	10	26	0	2.202
2001	10	27	0	2.303
2001	10	28	0	2.375
2001	10	29	0	2.281
2001	10	30	0	2.232
2001	10	31	0	2.168
2001	11	1	0	2.054
2001	11	2	0	1.993
2001	11	3	0	2.101
2001	11	4	0	2.122
2001	11	5	0	1.98
2001	11	6	0	1.753
2001	11	7	0	1.626
2001	11	8	0	1.608
2001	11	9	0	1.504
2001	11	10	0	1.53
2001	11	11	0	1.627
2001	11	12	0	1.554
2001	11	13	0	1.493
2001	11	14	0	1.456
2001	11	15	0	1.487
2001	11	16	0	1.401
2001	11	17	0	1.453
2001	11	18	0	1.414
2001	11	19	0	1.354
2001	11	20	0	1.337
2001	11	21	0	1.297
2001	11	22	0	1.29
2001	11	23	0	1.186
2001	11	24	0	1.099
2001	11	25	0	1.103
2001	11	26	0	1.127
2001	11	27	0	1.103
2001	11	28	0	1.086
2001	11	29	0	1.09
2001	11	30	0	1.115
2001	12	1	0	1.119
2001	12	2	0	1.118
2001	12	3	0	1.076
2001	12	4	0	1.074
2001	12	5	0	1.077
2001	12	6	0	1.076
2001	12	7	0	1.027
2001	12	8	0	0.992
2001	12	9	0	0.967
2001	12	10	0	0.97
2001	12	11	0	1.02
2001	12	12	0	1.028
2001	12	13	0	1
2001	12	14	0	0.984
2001	12	15	0	0.979
2001	12	16	0	0.952
2001	12	17	0	0.931
2001	12	18	0	0.919
2001	12	19	0	0.927
2001	12	20	0	0.871
2001	12	21	0	0.852
2001	12	22	0	0.832
2001	12	23	0	0.813
2001	12	24	0	0.798
2001	12	25	0	0.794
2001	12	26	0	0.775
2001	12	27	0	0.755
2001	12	28	0	0.732
2001	12	29	0	0.711
2001	12	30	0	0.701
2001	12	31	0	0.69
2002	1	1	0	0.677
2002	1	2	0	0.68
2002	1	3	0	0.673
2002	1	4	0	0.67
2002	1	5	0	0.663
2002	1	6	0	0.654
2002	1	7	0	0.661
2002	1	8	0	0.652
2002	1	9	0	0.633
2002	1	10	0	0.644
2002	1	11	0	0.637
2002	1	12	0	0.633
2002	1	13	0	0.626
2002	1	14	0	0.619
2002	1	15	0	0.617
2002	1	16	0	0.615
2002	1	17	0	0.611
2002	1	18	0	0.614
2002	1	19	0	0.604
2002	1	20	0	0.593
2002	1	21	0	0.589
2002	1	22	0	0.587
2002	1	23	0	0.583
2002	1	24	0	0.567
2002	1	25	0	0.551
2002	1	26	0	0.538
2002	1	27	0	0.537
2002	1	28	0	0.527
2002	1	29	0	0.526
2002	1	30	0	0.511
2002	1	31	0	0.523
2002	2	1	0	0.518
2002	2	2	0	0.523
2002	2	3	0	0.522
2002	2	4	0	0.532
2002	2	5	0	0.571
2002	2	6	0	0.567
2002	2	7	0	0.554
2002	2	8	0	0.549
2002	2	9	0	0.548
2002	2	10	0	0.546
2002	2	11	0	0.539
2002	2	12	0	0.543
2002	2	13	0	0.537
2002	2	14	0	0.517
2002	2	15	0	0.501
2002	2	16	0	0.499
2002	2	17	0	0.502
2002	2	18	0	0.5
2002	2	19	0	0.497
2002	2	20	0	0.488
2002	2	21	0	0.475
2002	2	22	0	0.476
2002	2	23	0	0.477
2002	2	24	0	0.474
2002	2	25	0	0.457
2002	2	26	0	0.459
2002	2	27	0	0.456
2002	2	28	0	0.448
2002	3	1	0	0.449
2002	3	2	0	0.443
2002	3	3	0	0.437
2002	3	4	0	0.432
2002	3	5	0	0.431
2002	3	6	0	0.435
2002	3	7	0	0.433
2002	3	8	0	0.426
2002	3	9	0	0.432
2002	3	10	0	0.428
2002	3	11	0	0.427
2002	3	12	0	0.424
2002	3	13	0	0.424
2002	3	14	0	0.407
2002	3	15	0	0.394
2002	3	16	0	0.39
2002	3	17	0	0.385
2002	3	18	0	0.384
2002	3	19	0	0.391
2002	3	20	0	0.392
2002	3	21	0	0.382
2002	3	22	0	0.38
2002	3	23	0	0.381
2002	3	24	0	0.375
2002	3	25	0	0.369
2002	3	26	0	0.372
2002	3	27	0	0.368
2002	3	28	0	0.369
2002	3	29	0	0.379
2002	3	30	0	0.391
2002	3	31	0	0.404
2002	4	1	0	0.411
2002	4	2	0	0.423
2002	4	3	0	0.461
2002	4	4	0	0.516
2002	4	5	0	0.59
2002	4	6	0	0.698
2002	4	7	0	0.782
2002	4	8	0	0.824
2002	4	9	0	0.841
2002	4	10	0	0.831
2002	4	11	0	0.815
2002	4	12	0	0.808
2002	4	13	0	0.791
2002	4	14	0	0.762
2002	4	15	0	0.74
2002	4	16	0	0.726
2002	4	17	0	0.727
2002	4	18	0	0.743
2002	4	19	0	0.776
2002	4	20	0	0.811
2002	4	21	0	0.87
2002	4	22	0	0.98
2002	4	23	0	1.235
2002	4	24	0	1.618
2002	4	25	0	2.246
2002	4	26	0	2.851
2002	4	27	0	2.903
2002	4	28	0	2.619
2002	4	29	0	2.306
2002	4	30	0	2.051
2002	5	1	0	1.954
2002	5	2	0	2.119
2002	5	3	0	2.106
2002	5	4	0	1.97
2002	5	5	0	1.84
2002	5	6	0	1.77
2002	5	7	0	1.727
2002	5	8	0	1.842
2002	5	9	0	2.066
2002	5	10	0	2.376
2002	5	11	0	3.14
2002	5	12	0	4.749
2002	5	13	0	8.013
2002	5	14	0	7.581
2002	5	15	0	6.211
2002	5	16	0	5.471
2002	5	17	0	4.424
2002	5	18	0	3.52
2002	5	19	0	2.976
2002	5	20	0	2.764
2002	5	21	0	3.013
2002	5	22	0	3.756
2002	5	23	0	4.725
2002	5	24	0	5.888
2002	5	25	0	9.322
2002	5	26	0	9.883
2002	5	27	0	7.475
2002	5	28	0	7.543
2002	5	29	0	11.43
2002	5	30	0	10.902
2002	5	31	0	8.734
2002	6	1	0	6.354
2002	6	2	0	4.872
2002	6	3	0	4.153
2002	6	4	0	3.95
2002	6	5	0	3.923
2002	6	6	0	3.916
2002	6	7	0	3.867
2002	6	8	0	3.705
2002	6	9	0	3.636
2002	6	10	0	3.553
2002	6	11	0	3.756
2002	6	12	0	4.3
2002	6	13	0	4.539
2002	6	14	0	4.073
2002	6	15	0	3.516
2002	6	16	0	3.217
2002	6	17	0	2.962
2002	6	18	0	2.795
2002	6	19	0	2.801
2002	6	20	0	2.72
2002	6	21	0	2.578
2002	6	22	0	2.396
2002	6	23	0	2.347
2002	6	24	0	2.362
2002	6	25	0	2.325
2002	6	26	0	2.235
2002	6	27	0	2.19
2002	6	28	0	2.353
2002	6	29	0	2.567
2002	6	30	0	2.569
2002	7	1	0	2.49
2002	7	2	0	2.408
2002	7	3	0	2.559
2002	7	4	0	2.576
2002	7	5	0	2.578
2002	7	6	0	2.779
2002	7	7	0	3.032
2002	7	8	0	2.989
2002	7	9	0	2.913
2002	7	10	0	2.975
2002	7	11	0	4.191
2002	7	12	0	5.937
2002	7	13	0	5.436
2002	7	14	0	4.448
2002	7	15	0	3.828
2002	7	16	0	3.418
2002	7	17	0	3.428
2002	7	18	0	3.607
2002	7	19	0	3.593
2002	7	20	0	3.482
2002	7	21	0	3.497
2002	7	22	0	3.373
2002	7	23	0	3.602
2002	7	24	0	4.071
2002	7	25	0	3.965
2002	7	26	0	3.754
2002	7	27	0	3.423
2002	7	28	0	3.095
2002	7	29	0	2.918
2002	7	30	0	2.747
2002	7	31	0	2.625
2002	8	1	0	2.599
2002	8	2	0	2.583
2002	8	3	0	2.503
2002	8	4	0	2.418
2002	8	5	0	2.339
2002	8	6	0	2.339
2002	8	7	0	2.268
2002	8	8	0	2.268
2002	8	9	0	2.268
2002	8	10	0	2.199
2002	8	11	0	2.199
2002	8	12	0	2.199
2002	8	13	0	2.132
2002	8	14	0	2.164
2002	8	15	0	2.033
2002	8	16	0	1.94
2002	8	17	0	1.868
2002	8	18	0	1.818
2002	8	19	0	1.756
2002	8	20	0	1.712
2002	8	21	0	1.679
2002	8	22	0	1.646
2002	8	23	0	1.6
2002	8	24	0	1.559
2002	8	25	0	1.521
2002	8	26	0	1.501
2002	8	27	0	1.463
2002	8	28	0	1.434
2002	8	29	0	1.388
2002	8	30	0	1.384
2002	8	31	0	1.392
2002	9	1	0	1.406
2002	9	2	0	1.379
2002	9	3	0	1.376
2002	9	4	0	1.351
2002	9	5	0	1.38
2002	9	6	0	1.509
2002	9	7	0	1.603
2002	9	8	0	1.674
2002	9	9	0	1.677
2002	9	10	0	1.63
2002	9	11	0	1.572
2002	9	12	0	1.522
2002	9	13	0	1.476
2002	9	14	0	1.411
2002	9	15	0	1.352
2002	9	16	0	1.393
2002	9	17	0	1.446
2002	9	18	0	1.433
2002	9	19	0	1.39
2002	9	20	0	1.37
2002	9	21	0	1.346
2002	9	22	0	1.331
2002	9	23	0	1.313
2002	9	24	0	1.304
2002	9	25	0	1.27
2002	9	26	0	1.233
2002	9	27	0	1.203
2002	9	28	0	1.196
2002	9	29	0	1.162
2002	9	30	0	1.156
2002	10	1	0	1.164
2002	10	2	0	1.169
2002	10	3	0	1.164
2002	10	4	0	1.172
2002	10	5	0	1.195
2002	10	6	0	1.21
2002	10	7	0	1.203
2002	10	8	0	1.177
2002	10	9	0	1.146
2002	10	10	0	1.117
2002	10	11	0	1.09
2002	10	12	0	1.065
2002	10	13	0	1.042
2002	10	14	0	1.028
2002	10	15	0	1.019
2002	10	16	0	0.999
2002	10	17	0	0.983
2002	10	18	0	0.968
2002	10	19	0	0.875
2002	10	20	0	0.851
2002	10	21	0	0.837
2002	10	22	0	0.815
2002	10	23	0	0.834
2002	10	24	0	0.846
2002	10	25	0	0.857
2002	10	26	0	0.932
2002	10	27	0	0.962
2002	10	28	0	0.945
2002	10	29	0	0.933
2002	10	30	0	0.883
2002	10	31	0	0.823
2002	11	1	0	0.838
2002	11	2	0	0.817
2002	11	3	0	0.769
2002	11	4	0	0.716
2002	11	5	0	0.671
2002	11	6	0	0.638
2002	11	7	0	0.668
2002	11	8	0	0.695
2002	11	9	0	0.718
2002	11	10	0	0.719
2002	11	11	0	0.708
2002	11	12	0	0.687
2002	11	13	0	0.696
2002	11	14	0	0.693
2002	11	15	0	0.708
2002	11	16	0	0.712
2002	11	17	0	0.715
2002	11	18	0	0.719
2002	11	19	0	0.722
2002	11	20	0	0.704
2002	11	21	0	0.7
2002	11	22	0	0.704
2002	11	23	0	0.702
2002	11	24	0	0.699
2002	11	25	0	0.702
2002	11	26	0	0.693
2002	11	27	0	0.684
2002	11	28	0	0.662
2002	11	29	0	0.654
2002	11	30	0	0.647
2002	12	1	0	0.637
2002	12	2	0	0.629
2002	12	3	0	0.619
2002	12	4	0	0.623
2002	12	5	0	0.618
2002	12	6	0	0.611
2002	12	7	0	0.602
2002	12	8	0	0.582
2002	12	9	0	0.563
2002	12	10	0	0.55
2002	12	11	0	0.541
2002	12	12	0	0.535
2002	12	13	0	0.526
2002	12	14	0	0.521
2002	12	15	0	0.51
2002	12	16	0	0.5
2002	12	17	0	0.484
2002	12	18	0	0.482
2002	12	19	0	0.473
2002	12	20	0	0.48
2002	12	21	0	0.497
2002	12	22	0	0.493
2002	12	23	0	0.476
2002	12	24	0	0.474
2002	12	25	0	0.468
2002	12	26	0	0.468
2002	12	27	0	0.461
2002	12	28	0	0.464
2002	12	29	0	0.467
2002	12	30	0	0.468
2002	12	31	0	0.462
2003	1	1	0	0.458
2003	1	2	0	0.464
2003	1	3	0	0.462
2003	1	4	0	0.451
2003	1	5	0	0.448
2003	1	6	0	0.44
2003	1	7	0	0.432
2003	1	8	0	0.432
2003	1	9	0	0.439
2003	1	10	0	0.444
2003	1	11	0	0.433
2003	1	12	0	0.438
2003	1	13	0	0.433
2003	1	14	0	0.435
2003	1	15	0	0.421
2003	1	16	0	0.43
2003	1	17	0	0.425
2003	1	18	0	0.422
2003	1	19	0	0.427
2003	1	20	0	0.433
2003	1	21	0	0.433
2003	1	22	0	0.433
2003	1	23	0	0.409
2003	1	24	0	0.409
2003	1	25	0	0.42
2003	1	26	0	0.42
2003	1	27	0	0.42
2003	1	28	0	0.42
2003	1	29	0	0.414
2003	1	30	0	0.41
2003	1	31	0	0.395
2003	2	1	0	0.383
2003	2	2	0	0.393
2003	2	3	0	0.385
2003	2	4	0	0.385
2003	2	5	0	0.385
2003	2	6	0	0.395
2003	2	7	0	0.389
2003	2	8	0	0.387
2003	2	9	0	0.385
2003	2	10	0	0.383
2003	2	11	0	0.383
2003	2	12	0	0.38
2003	2	13	0	0.376
2003	2	14	0	0.372
2003	2	15	0	0.361
2003	2	16	0	0.361
2003	2	17	0	0.362
2003	2	18	0	0.355
2003	2	19	0	0.353
2003	2	20	0	0.351
2003	2	21	0	0.349
2003	2	22	0	0.346
2003	2	23	0	0.345
2003	2	24	0	0.345
2003	2	25	0	0.34
2003	2	26	0	0.338
2003	2	27	0	0.338
2003	2	28	0	0.336
2003	3	1	0	0.332
2003	3	2	0	0.333
2003	3	3	0	0.332
2003	3	4	0	0.329
2003	3	5	0	0.329
2003	3	6	0	0.332
2003	3	7	0	0.33
2003	3	8	0	0.332
2003	3	9	0	0.331
2003	3	10	0	0.331
2003	3	11	0	0.33
2003	3	12	0	0.325
2003	3	13	0	0.326
2003	3	14	0	0.325
2003	3	15	0	0.323
2003	3	16	0	0.322
2003	3	17	0	0.322
2003	3	18	0	0.321
2003	3	19	0	0.321
2003	3	20	0	0.322
2003	3	21	0	0.322
2003	3	22	0	0.323
2003	3	23	0	0.318
2003	3	24	0	0.322
2003	3	25	0	0.322
2003	3	26	0	0.322
2003	3	27	0	0.322
2003	3	28	0	0.325
2003	3	29	0	0.328
2003	3	30	0	0.331
2003	3	31	0	0.329
2003	4	1	0	0.327
2003	4	2	0	0.33
2003	4	3	0	0.328
2003	4	4	0	0.329
2003	4	5	0	0.328
2003	4	6	0	0.324
2003	4	7	0	0.323
2003	4	8	0	0.321
2003	4	9	0	0.323
2003	4	10	0	0.323
2003	4	11	0	0.326
2003	4	12	0	0.328
2003	4	13	0	0.327
2003	4	14	0	0.325
2003	4	15	0	0.329
2003	4	16	0	0.333
2003	4	17	0	0.343
2003	4	18	0	0.375
2003	4	19	0	0.435
2003	4	20	0	0.534
2003	4	21	0	0.663
2003	4	22	0	0.8
2003	4	23	0	0.944
2003	4	24	0	1.071
2003	4	25	0	1.112
2003	4	26	0	1.117
2003	4	27	0	1.11
2003	4	28	0	1.06
2003	4	29	0	1.033
2003	4	30	0	1.015
2003	5	1	0	1.016
2003	5	2	0	0.996
2003	5	3	0	0.951
2003	5	4	0	0.902
2003	5	5	0	0.877
2003	5	6	0	0.987
2003	5	7	0	1.268
2003	5	8	0	1.447
2003	5	9	0	1.457
2003	5	10	0	1.435
2003	5	11	0	1.401
2003	5	12	0	1.431
2003	5	13	0	1.79
2003	5	14	0	2.347
2003	5	15	0	2.493
2003	5	16	0	2.321
2003	5	17	0	2.094
2003	5	18	0	1.944
2003	5	19	0	1.908
2003	5	20	0	2.08
2003	5	21	0	2.506
2003	5	22	0	2.986
2003	5	23	0	3.178
2003	5	24	0	3.361
2003	5	25	0	3.883
2003	5	26	0	5.182
2003	5	27	0	5.963
2003	5	28	0	5.004
2003	5	29	0	4.155
2003	5	30	0	4.148
2003	5	31	0	4.351
2003	6	1	0	3.798
2003	6	2	0	3.386
2003	6	3	0	3.816
2003	6	4	0	5.069
2003	6	5	0	6.018
2003	6	6	0	7.492
2003	6	7	0	6.32
2003	6	8	0	5.006
2003	6	9	0	4.266
2003	6	10	0	3.953
2003	6	11	0	3.716
2003	6	12	0	3.538
2003	6	13	0	3.542
2003	6	14	0	3.34
2003	6	15	0	2.955
2003	6	16	0	2.62
2003	6	17	0	2.378
2003	6	18	0	2.236
2003	6	19	0	2.399
2003	6	20	0	2.706
2003	6	21	0	2.635
2003	6	22	0	2.539
2003	6	23	0	2.506
2003	6	24	0	2.802
2003	6	25	0	3.53
2003	6	26	0	3.565
2003	6	27	0	3.247
2003	6	28	0	2.966
2003	6	29	0	2.864
2003	6	30	0	2.731
2003	7	1	0	2.563
2003	7	2	0	2.539
2003	7	3	0	2.816
2003	7	4	0	2.946
2003	7	5	0	2.876
2003	7	6	0	2.672
2003	7	7	0	2.464
2003	7	8	0	2.385
2003	7	9	0	2.475
2003	7	10	0	2.816
2003	7	11	0	2.789
2003	7	12	0	2.843
2003	7	13	0	2.95
2003	7	14	0	2.802
2003	7	15	0	2.579
2003	7	16	0	2.393
2003	7	17	0	2.25
2003	7	18	0	2.152
2003	7	19	0	2.122
2003	7	20	0	2.139
2003	7	21	0	2.083
2003	7	22	0	2.12
2003	7	23	0	2.147
2003	7	24	0	2.051
2003	7	25	0	1.964
2003	7	26	0	1.956
2003	7	27	0	1.949
2003	7	28	0	1.973
2003	7	29	0	1.947
2003	7	30	0	1.859
2003	7	31	0	1.756
2003	8	1	0	1.658
2003	8	2	0	1.635
2003	8	3	0	1.597
2003	8	4	0	1.547
2003	8	5	0	1.478
2003	8	6	0	1.417
2003	8	7	0	1.373
2003	8	8	0	1.322
2003	8	9	0	1.285
2003	8	10	0	1.268
2003	8	11	0	1.268
2003	8	12	0	1.419
2003	8	13	0	1.525
2003	8	14	0	2.95
2003	8	15	0	13.85
2003	8	16	0	18.335
2003	8	17	0	14.363
2003	8	18	0	10.4
2003	8	19	0	7.444
2003	8	20	0	6.208
2003	8	21	0	5.34
2003	8	22	0	4.66
2003	8	23	0	4.238
2003	8	24	0	3.937
2003	8	25	0	3.744
2003	8	26	0	3.558
2003	8	27	0	3.466
2003	8	28	0	3.288
2003	8	29	0	3.116
2003	8	30	0	2.95
2003	8	31	0	2.789
2003	9	1	0	2.71
2003	9	2	0	2.633
2003	9	3	0	2.558
2003	9	4	0	2.483
2003	9	5	0	2.483
2003	9	6	0	2.41
2003	9	7	0	2.339
2003	9	8	0	2.268
2003	9	9	0	2.175
2003	9	10	0	2.137
2003	9	11	0	2.081
2003	9	12	0	2.033
2003	9	13	0	2.327
2003	9	14	0	2.17
2003	9	15	0	2.025
2003	9	16	0	1.91
2003	9	17	0	1.819
2003	9	18	0	1.779
2003	9	19	0	1.768
2003	9	20	0	1.751
2003	9	21	0	1.77
2003	9	22	0	1.781
2003	9	23	0	1.957
2003	9	24	0	1.986
2003	9	25	0	1.95
2003	9	26	0	2.073
2003	9	27	0	2.301
2003	9	28	0	2.246
2003	9	29	0	2.153
2003	9	30	0	2.068
2003	10	1	0	2.014
2003	10	2	0	1.952
2003	10	3	0	1.888
2003	10	4	0	1.85
2003	10	5	0	1.796
2003	10	6	0	1.723
2003	10	7	0	1.691
2003	10	8	0	1.658
2003	10	9	0	1.617
2003	10	10	0	1.585
2003	10	11	0	1.548
2003	10	12	0	1.507
2003	10	13	0	1.446
2003	10	14	0	1.402
2003	10	15	0	1.363
2003	10	16	0	1.321
2003	10	17	0	1.27
2003	10	18	0	1.261
2003	10	19	0	1.238
2003	10	20	0	1.204
2003	10	21	0	1.179
2003	10	22	0	1.124
2003	10	23	0	1.027
2003	10	24	0	1.006
2003	10	25	0	1.027
2003	10	26	0	1.029
2003	10	27	0	1.025
2003	10	28	0	1.063
2003	10	29	0	1.103
2003	10	30	0	1.098
2003	10	31	0	1.088
2003	11	1	0	1.075
2003	11	2	0	1.077
2003	11	3	0	1.078
2003	11	4	0	1.062
2003	11	5	0	1.018
2003	11	6	0	1.023
2003	11	7	0	1.039
2003	11	8	0	0.995
2003	11	9	0	0.941
2003	11	10	0	0.931
2003	11	11	0	0.929
2003	11	12	0	0.91
2003	11	13	0	0.87
2003	11	14	0	0.825
2003	11	15	0	0.813
2003	11	16	0	0.82
2003	11	17	0	0.827
2003	11	18	0	0.783
2003	11	19	0	0.785
2003	11	20	0	0.786
2003	11	21	0	0.779
2003	11	22	0	0.773
2003	11	23	0	0.753
2003	11	24	0	0.735
2003	11	25	0	0.703
2003	11	26	0	0.691
2003	11	27	0	0.696
2003	11	28	0	0.714
2003	11	29	0	0.713
2003	11	30	0	0.716
2003	12	1	0	0.75
2003	12	2	0	0.739
2003	12	3	0	0.702
2003	12	4	0	0.704
2003	12	5	0	0.703
2003	12	6	0	0.693
2003	12	7	0	0.674
2003	12	8	0	0.681
2003	12	9	0	0.689
2003	12	10	0	0.676
2003	12	11	0	0.693
2003	12	12	0	0.672
2003	12	13	0	0.651
2003	12	14	0	0.645
2003	12	15	0	0.642
2003	12	16	0	0.617
2003	12	17	0	0.617
2003	12	18	0	0.637
2003	12	19	0	0.667
2003	12	20	0	0.667
2003	12	21	0	0.651
2003	12	22	0	0.616
2003	12	23	0	0.584
2003	12	24	0	0.573
2003	12	25	0	0.564
2003	12	26	0	0.569
2003	12	27	0	0.594
2003	12	28	0	0.59
2003	12	29	0	0.58
2003	12	30	0	0.557
2003	12	31	0	0.537
2004	1	1	0	0.518
2004	1	2	0	0.512
2004	1	3	0	0.503
2004	1	4	0	0.503
2004	1	5	0	0.495
2004	1	6	0	0.499
2004	1	7	0	0.496
2004	1	8	0	0.482
2004	1	9	0	0.483
2004	1	10	0	0.476
2004	1	11	0	0.481
2004	1	12	0	0.499
2004	1	13	0	0.496
2004	1	14	0	0.491
2004	1	15	0	0.487
2004	1	16	0	0.479
2004	1	17	0	0.467
2004	1	18	0	0.459
2004	1	19	0	0.446
2004	1	20	0	0.439
2004	1	21	0	0.43
2004	1	22	0	0.422
2004	1	23	0	0.423
2004	1	24	0	0.416
2004	1	25	0	0.411
2004	1	26	0	0.411
2004	1	27	0	0.407
2004	1	28	0	0.409
2004	1	29	0	0.409
2004	1	30	0	0.408
2004	1	31	0	0.407
2004	2	1	0	0.398
2004	2	2	0	0.398
2004	2	3	0	0.392
2004	2	4	0	0.417
2004	2	5	0	0.396
2004	2	6	0	0.399
2004	2	7	0	0.402
2004	2	8	0	0.404
2004	2	9	0	0.402
2004	2	10	0	0.394
2004	2	11	0	0.393
2004	2	12	0	0.396
2004	2	13	0	0.391
2004	2	14	0	0.387
2004	2	15	0	0.387
2004	2	16	0	0.386
2004	2	17	0	0.386
2004	2	18	0	0.385
2004	2	19	0	0.381
2004	2	20	0	0.375
2004	2	21	0	0.365
2004	2	22	0	0.369
2004	2	23	0	0.364
2004	2	24	0	0.368
2004	2	25	0	0.363
2004	2	26	0	0.362
2004	2	27	0	0.362
2004	2	28	0	0.358
2004	2	29	0	0.343
2004	3	1	0	0.343
2004	3	2	0	0.34
2004	3	3	0	0.339
2004	3	4	0	0.337
2004	3	5	0	0.338
2004	3	6	0	0.336
2004	3	7	0	0.333
2004	3	8	0	0.334
2004	3	9	0	0.333
2004	3	10	0	0.332
2004	3	11	0	0.331
2004	3	12	0	0.329
2004	3	13	0	0.328
2004	3	14	0	0.33
2004	3	15	0	0.333
2004	3	16	0	0.334
2004	3	17	0	0.335
2004	3	18	0	0.343
2004	3	19	0	0.334
2004	3	20	0	0.326
2004	3	21	0	0.327
2004	3	22	0	0.328
2004	3	23	0	0.326
2004	3	24	0	0.325
2004	3	25	0	0.321
2004	3	26	0	0.317
2004	3	27	0	0.315
2004	3	28	0	0.313
2004	3	29	0	0.312
2004	3	30	0	0.312
2004	3	31	0	0.315
2004	4	1	0	0.315
2004	4	2	0	0.316
2004	4	3	0	0.322
2004	4	4	0	0.331
2004	4	5	0	0.333
2004	4	6	0	0.338
2004	4	7	0	0.339
2004	4	8	0	0.34
2004	4	9	0	0.34
2004	4	10	0	0.337
2004	4	11	0	0.34
2004	4	12	0	0.34
2004	4	13	0	0.34
2004	4	14	0	0.345
2004	4	15	0	0.364
2004	4	16	0	0.415
2004	4	17	0	0.474
2004	4	18	0	0.567
2004	4	19	0	0.743
2004	4	20	0	0.98
2004	4	21	0	1.234
2004	4	22	0	1.571
2004	4	23	0	1.834
2004	4	24	0	1.952
2004	4	25	0	2.126
2004	4	26	0	2.641
2004	4	27	0	3.083
2004	4	28	0	3.075
2004	4	29	0	2.865
2004	4	30	0	2.663
2004	5	1	0	2.493
2004	5	2	0	2.419
2004	5	3	0	2.523
2004	5	4	0	2.691
2004	5	5	0	3.052
2004	5	6	0	6.058
2004	5	7	0	11.309
2004	5	8	0	12.188
2004	5	9	0	9.923
2004	5	10	0	7.306
2004	5	11	0	5.556
2004	5	12	0	4.051
2004	5	13	0	3.073
2004	5	14	0	2.532
2004	5	15	0	2.205
2004	5	16	0	1.972
2004	5	17	0	1.871
2004	5	18	0	1.979
2004	5	19	0	1.977
2004	5	20	0	1.852
2004	5	21	0	1.676
2004	5	22	0	1.533
2004	5	23	0	1.392
2004	5	24	0	1.29
2004	5	25	0	1.235
2004	5	26	0	1.191
2004	5	27	0	1.167
2004	5	28	0	1.187
2004	5	29	0	1.237
2004	5	30	0	1.267
2004	5	31	0	1.279
2004	6	1	0	1.304
2004	6	2	0	1.375
2004	6	3	0	1.491
2004	6	4	0	1.635
2004	6	5	0	1.754
2004	6	6	0	1.773
2004	6	7	0	1.747
2004	6	8	0	1.759
2004	6	9	0	1.695
2004	6	10	0	1.666
2004	6	11	0	1.792
2004	6	12	0	1.833
2004	6	13	0	1.764
2004	6	14	0	1.756
2004	6	15	0	1.704
2004	6	16	0	1.591
2004	6	17	0	1.453
2004	6	18	0	1.376
2004	6	19	0	1.385
2004	6	20	0	1.432
2004	6	21	0	1.433
2004	6	22	0	1.449
2004	6	23	0	1.457
2004	6	24	0	1.481
2004	6	25	0	1.647
2004	6	26	0	2.078
2004	6	27	0	2.338
2004	6	28	0	2.416
2004	6	29	0	2.6
2004	6	30	0	2.587
2004	7	1	0	2.377
2004	7	2	0	2.28
2004	7	3	0	2.42
2004	7	4	0	2.542
2004	7	5	0	2.484
2004	7	6	0	2.427
2004	7	7	0	2.417
2004	7	8	0	2.262
2004	7	9	0	2.087
2004	7	10	0	1.949
2004	7	11	0	1.856
2004	7	12	0	1.829
2004	7	13	0	1.785
2004	7	14	0	1.77
2004	7	15	0	1.757
2004	7	16	0	1.71
2004	7	17	0	1.618
2004	7	18	0	1.556
2004	7	19	0	1.62
2004	7	20	0	1.692
2004	7	21	0	1.647
2004	7	22	0	1.58
2004	7	23	0	1.545
2004	7	24	0	1.625
2004	7	25	0	2.171
2004	7	26	0	2.786
2004	7	27	0	2.686
2004	7	28	0	2.421
2004	7	29	0	2.177
2004	7	30	0	1.989
2004	7	31	0	1.852
2004	8	1	0	1.751
2004	8	2	0	1.675
2004	8	3	0	1.603
2004	8	4	0	1.567
2004	8	5	0	1.637
2004	8	6	0	1.803
2004	8	7	0	1.839
2004	8	8	0	1.79
2004	8	9	0	1.698
2004	8	10	0	1.599
2004	8	11	0	1.516
2004	8	12	0	1.443
2004	8	13	0	1.373
2004	8	14	0	1.317
2004	8	15	0	1.267
2004	8	16	0	1.216
2004	8	17	0	1.239
2004	8	18	0	1.258
2004	8	19	0	1.337
2004	8	20	0	1.856
2004	8	21	0	2.207
2004	8	22	0	2.459
2004	8	23	0	2.445
2004	8	24	0	2.262
2004	8	25	0	2.109
2004	8	26	0	1.98
2004	8	27	0	1.854
2004	8	28	0	1.932
2004	8	29	0	2.275
2004	8	30	0	2.375
2004	8	31	0	2.837
2004	9	1	0	4.803
2004	9	2	0	5.073
2004	9	3	0	4.286
2004	9	4	0	3.595
2004	9	5	0	3.153
2004	9	6	0	2.816
2004	9	7	0	2.559
2004	9	8	0	2.332
2004	9	9	0	2.183
2004	9	10	0	2.071
2004	9	11	0	2.358
2004	9	12	0	2.185
2004	9	13	0	2.068
2004	9	14	0	2.43
2004	9	15	0	2.705
2004	9	16	0	2.602
2004	9	17	0	2.429
2004	9	18	0	2.321
2004	9	19	0	2.509
2004	9	20	0	2.679
2004	9	21	0	3.385
2004	9	22	0	4.313
2004	9	23	0	4.397
2004	9	24	0	3.983
2004	9	25	0	3.49
2004	9	26	0	3.14
2004	9	27	0	2.992
2004	9	28	0	2.789
2004	9	29	0	2.614
2004	9	30	0	2.452
2004	10	1	0	2.32
2004	10	2	0	2.221
2004	10	3	0	2.351
2004	10	4	0	2.59
2004	10	5	0	3.424
2004	10	6	0	3.703
2004	10	7	0	3.407
2004	10	8	0	3.12
2004	10	9	0	2.847
2004	10	10	0	2.647
2004	10	11	0	2.485
2004	10	12	0	2.338
2004	10	13	0	2.223
2004	10	14	0	2.13
2004	10	15	0	2.07
2004	10	16	0	2.027
2004	10	17	0	1.982
2004	10	18	0	1.95
2004	10	19	0	1.911
2004	10	20	0	1.855
2004	10	21	0	1.821
2004	10	22	0	1.815
2004	10	23	0	1.787
2004	10	24	0	1.729
2004	10	25	0	1.663
2004	10	26	0	1.647
2004	10	27	0	1.569
2004	10	28	0	1.491
2004	10	29	0	1.456
2004	10	30	0	1.422
2004	10	31	0	1.393
2004	11	1	0	1.36
2004	11	2	0	1.321
2004	11	3	0	1.245
2004	11	4	0	1.265
2004	11	5	0	1.369
2004	11	6	0	1.354
2004	11	7	0	1.271
2004	11	8	0	1.284
2004	11	9	0	1.253
2004	11	10	0	1.246
2004	11	11	0	1.219
2004	11	12	0	1.258
2004	11	13	0	1.231
2004	11	14	0	1.133
2004	11	15	0	1.201
2004	11	16	0	1.084
2004	11	17	0	0.992
2004	11	18	0	0.979
2004	11	19	0	0.948
2004	11	20	0	0.941
2004	11	21	0	0.932
2004	11	22	0	0.919
2004	11	23	0	0.909
2004	11	24	0	0.875
2004	11	25	0	0.909
2004	11	26	0	0.952
2004	11	27	0	0.959
2004	11	28	0	0.946
2004	11	29	0	0.931
2004	11	30	0	0.909
2004	12	1	0	0.899
2004	12	2	0	0.895
2004	12	3	0	0.865
2004	12	4	0	0.832
2004	12	5	0	0.826
2004	12	6	0	0.823
2004	12	7	0	0.83
2004	12	8	0	0.815
2004	12	9	0	0.798
2004	12	10	0	0.792
2004	12	11	0	0.78
2004	12	12	0	0.774
2004	12	13	0	0.761
2004	12	14	0	0.755
2004	12	15	0	0.746
2004	12	16	0	0.744
2004	12	17	0	0.735
2004	12	18	0	0.721
2004	12	19	0	0.684
2004	12	20	0	0.641
2004	12	21	0	0.605
2004	12	22	0	0.588
2004	12	23	0	0.587
2004	12	24	0	0.597
2004	12	25	0	0.593
2004	12	26	0	0.582
2004	12	27	0	0.559
2004	12	28	0	0.559
2004	12	29	0	0.562
2004	12	30	0	0.564
2004	12	31	0	0.567
2005	1	1	0	0.565
2005	1	2	0	0.593
2005	1	3	0	0.594
2005	1	4	0	0.593
2005	1	5	0	0.586
2005	1	6	0	0.574
2005	1	7	0	0.582
2005	1	8	0	0.587
2005	1	9	0	0.601
2005	1	10	0	0.591
2005	1	11	0	0.573
2005	1	12	0	0.577
2005	1	13	0	0.567
2005	1	14	0	0.555
2005	1	15	0	0.544
2005	1	16	0	0.532
2005	1	17	0	0.54
2005	1	18	0	0.549
2005	1	19	0	0.547
2005	1	20	0	0.54
2005	1	21	0	0.532
2005	1	22	0	0.52
2005	1	23	0	0.516
2005	1	24	0	0.49
2005	1	25	0	0.49
2005	1	26	0	0.48
2005	1	27	0	0.478
2005	1	28	0	0.476
2005	1	29	0	0.468
2005	1	30	0	0.457
2005	1	31	0	0.458
2005	2	1	0	0.453
2005	2	2	0	0.448
2005	2	3	0	0.441
2005	2	4	0	0.437
2005	2	5	0	0.449
2005	2	6	0	0.442
2005	2	7	0	0.433
2005	2	8	0	0.418
2005	2	9	0	0.421
2005	2	10	0	0.419
2005	2	11	0	0.411
2005	2	12	0	0.41
2005	2	13	0	0.409
2005	2	14	0	0.403
2005	2	15	0	0.401
2005	2	16	0	0.39
2005	2	17	0	0.39
2005	2	18	0	0.378
2005	2	19	0	0.378
2005	2	20	0	0.379
2005	2	21	0	0.377
2005	2	22	0	0.372
2005	2	23	0	0.366
2005	2	24	0	0.351
2005	2	25	0	0.344
2005	2	26	0	0.345
2005	2	27	0	0.339
2005	2	28	0	0.339
2005	3	1	0	0.343
2005	3	2	0	0.343
2005	3	3	0	0.349
2005	3	4	0	0.357
2005	3	5	0	0.355
2005	3	6	0	0.35
2005	3	7	0	0.353
2005	3	8	0	0.361
2005	3	9	0	0.361
2005	3	10	0	0.358
2005	3	11	0	0.365
2005	3	12	0	0.375
2005	3	13	0	0.365
2005	3	14	0	0.358
2005	3	15	0	0.359
2005	3	16	0	0.355
2005	3	17	0	0.365
2005	3	18	0	0.36
2005	3	19	0	0.356
2005	3	20	0	0.348
2005	3	21	0	0.346
2005	3	22	0	0.344
2005	3	23	0	0.341
2005	3	24	0	0.342
2005	3	25	0	0.341
2005	3	26	0	0.341
2005	3	27	0	0.343
2005	3	28	0	0.344
2005	3	29	0	0.342
2005	3	30	0	0.343
2005	3	31	0	0.342
2005	4	1	0	0.341
2005	4	2	0	0.339
2005	4	3	0	0.36
2005	4	4	0	0.383
2005	4	5	0	0.449
2005	4	6	0	0.512
2005	4	7	0	0.554
2005	4	8	0	0.567
2005	4	9	0	0.562
2005	4	10	0	0.544
2005	4	11	0	0.54
2005	4	12	0	0.547
2005	4	13	0	0.577
2005	4	14	0	0.605
2005	4	15	0	0.607
2005	4	16	0	0.604
2005	4	17	0	0.599
2005	4	18	0	0.608
2005	4	19	0	0.609
2005	4	20	0	0.611
2005	4	21	0	0.596
2005	4	22	0	0.579
2005	4	23	0	0.585
2005	4	24	0	0.593
2005	4	25	0	0.606
2005	4	26	0	0.629
2005	4	27	0	0.673
2005	4	28	0	0.741
2005	4	29	0	0.828
2005	4	30	0	0.941
2005	5	1	0	1.081
2005	5	2	0	1.258
2005	5	3	0	1.537
2005	5	4	0	1.974
2005	5	5	0	2.25
2005	5	6	0	2.165
2005	5	7	0	1.955
2005	5	8	0	1.785
2005	5	9	0	1.66
2005	5	10	0	1.544
2005	5	11	0	1.468
2005	5	12	0	1.418
2005	5	13	0	1.381
2005	5	14	0	1.35
2005	5	15	0	1.349
2005	5	16	0	1.378
2005	5	17	0	1.349
2005	5	18	0	1.293
2005	5	19	0	1.234
2005	5	20	0	1.181
2005	5	21	0	1.235
2005	5	22	0	1.635
2005	5	23	0	2.264
2005	5	24	0	3.141
2005	5	25	0	3.848
2005	5	26	0	3.967
2005	5	27	0	4.712
2005	5	28	0	4.385
2005	5	29	0	3.594
2005	5	30	0	3.216
2005	5	31	0	3.092
2005	6	1	0	2.811
2005	6	2	0	2.545
2005	6	3	0	2.395
2005	6	4	0	2.369
2005	6	5	0	2.762
2005	6	6	0	3.055
2005	6	7	0	2.756
2005	6	8	0	2.418
2005	6	9	0	2.342
2005	6	10	0	3.167
2005	6	11	0	3.335
2005	6	12	0	3.545
2005	6	13	0	6.931
2005	6	14	0	7.794
2005	6	15	0	6.633
2005	6	16	0	6.267
2005	6	17	0	7.174
2005	6	18	0	9.076
2005	6	19	0	7.723
2005	6	20	0	6.733
2005	6	21	0	8.037
2005	6	22	0	10.108
2005	6	23	0	10.239
2005	6	24	0	8.507
2005	6	25	0	6.863
2005	6	26	0	5.314
2005	6	27	0	4.268
2005	6	28	0	3.719
2005	6	29	0	3.321
2005	6	30	0	3.052
2005	7	1	0	3.013
2005	7	2	0	3.185
2005	7	3	0	3.392
2005	7	4	0	3.617
2005	7	5	0	3.849
2005	7	6	0	3.973
2005	7	7	0	3.759
2005	7	8	0	3.474
2005	7	9	0	3.237
2005	7	10	0	3.05
2005	7	11	0	2.873
2005	7	12	0	2.754
2005	7	13	0	2.682
2005	7	14	0	2.538
2005	7	15	0	2.351
2005	7	16	0	2.235
2005	7	17	0	2.128
2005	7	18	0	2.051
2005	7	19	0	2.024
2005	7	20	0	2.096
2005	7	21	0	2.809
2005	7	22	0	4.018
2005	7	23	0	4.008
2005	7	24	0	3.396
2005	7	25	0	2.854
2005	7	26	0	2.505
2005	7	27	0	2.33
2005	7	28	0	2.252
2005	7	29	0	2.241
2005	7	30	0	2.203
2005	7	31	0	2.113
2005	8	1	0	2.095
2005	8	2	0	2.042
2005	8	3	0	1.932
2005	8	4	0	1.912
2005	8	5	0	1.867
2005	8	6	0	1.846
2005	8	7	0	2.787
2005	8	8	0	6.453
2005	8	9	0	9.258
2005	8	10	0	7.901
2005	8	11	0	7.371
2005	8	12	0	8.155
2005	8	13	0	7.432
2005	8	14	0	5.976
2005	8	15	0	4.866
2005	8	16	0	4.144
2005	8	17	0	3.623
2005	8	18	0	3.271
2005	8	19	0	3.03
2005	8	20	0	2.844
2005	8	21	0	2.678
2005	8	22	0	2.521
2005	8	23	0	2.919
2005	8	24	0	3.739
2005	8	25	0	4.436
2005	8	26	0	6.338
2005	8	27	0	6.373
2005	8	28	0	5.195
2005	8	29	0	4.359
2005	8	30	0	3.847
2005	8	31	0	3.413
2005	9	1	0	3.122
2005	9	2	0	3.045
2005	9	3	0	4.203
2005	9	4	0	3.692
2005	9	5	0	3.219
2005	9	6	0	2.99
2005	9	7	0	2.834
2005	9	8	0	2.747
2005	9	9	0	2.678
2005	9	10	0	2.521
2005	9	11	0	2.403
2005	9	12	0	2.325
2005	9	13	0	2.201
2005	9	14	0	2.201
2005	9	15	0	2.184
2005	9	16	0	2.022
2005	9	17	0	1.935
2005	9	18	0	1.876
2005	9	19	0	1.805
2005	9	20	0	1.776
2005	9	21	0	1.763
2005	9	22	0	1.713
2005	9	23	0	1.674
2005	9	24	0	1.647
2005	9	25	0	1.589
2005	9	26	0	1.565
2005	9	27	0	1.57
2005	9	28	0	1.629
2005	9	29	0	1.61
2005	9	30	0	1.595
2005	10	1	0	1.681
2005	10	2	0	2.018
2005	10	3	0	2.067
2005	10	4	0	1.983
2005	10	5	0	1.871
2005	10	6	0	1.775
2005	10	7	0	1.704
2005	10	8	0	1.653
2005	10	9	0	1.684
2005	10	10	0	1.83
2005	10	11	0	1.867
2005	10	12	0	1.832
2005	10	13	0	1.771
2005	10	14	0	1.783
2005	10	15	0	1.722
2005	10	16	0	1.66
2005	10	17	0	1.612
2005	10	18	0	1.563
2005	10	19	0	1.517
2005	10	20	0	1.477
2005	10	21	0	1.468
2005	10	22	0	1.471
2005	10	23	0	1.434
2005	10	24	0	1.299
2005	10	25	0	1.203
2005	10	26	0	1.203
2005	10	27	0	1.256
2005	10	28	0	1.342
2005	10	29	0	1.875
2005	10	30	0	2.326
2005	10	31	0	2.335
2005	11	1	0	2.386
2005	11	2	0	2.508
2005	11	3	0	2.481
2005	11	4	0	2.594
2005	11	5	0	3.121
2005	11	6	0	3.333
2005	11	7	0	3.087
2005	11	8	0	2.814
2005	11	9	0	2.697
2005	11	10	0	2.781
2005	11	11	0	2.658
2005	11	12	0	2.531
2005	11	13	0	2.436
2005	11	14	0	2.333
2005	11	15	0	2.55
2005	11	16	0	2.442
2005	11	17	0	2.27
2005	11	18	0	2.1
2005	11	19	0	1.958
2005	11	20	0	1.913
2005	11	21	0	1.849
2005	11	22	0	1.826
2005	11	23	0	1.787
2005	11	24	0	1.746
2005	11	25	0	1.748
2005	11	26	0	1.694
2005	11	27	0	1.559
2005	11	28	0	1.38
2005	11	29	0	1.263
2005	11	30	0	1.211
2005	12	1	0	1.155
2005	12	2	0	1.149
2005	12	3	0	1.18
2005	12	4	0	1.184
2005	12	5	0	1.185
2005	12	6	0	1.2
2005	12	7	0	1.208
2005	12	8	0	1.217
2005	12	9	0	1.176
2005	12	10	0	1.119
2005	12	11	0	1.163
2005	12	12	0	1.31
2005	12	13	0	1.264
2005	12	14	0	1.244
2005	12	15	0	1.213
2005	12	16	0	1.138
2005	12	17	0	1.079
2005	12	18	0	1.032
2005	12	19	0	0.976
2005	12	20	0	0.959
2005	12	21	0	0.939
2005	12	22	0	0.927
2005	12	23	0	0.918
2005	12	24	0	0.907
2005	12	25	0	0.906
2005	12	26	0	0.879
2005	12	27	0	0.855
2005	12	28	0	0.846
2005	12	29	0	0.839
2005	12	30	0	0.831
2005	12	31	0	0.825
2006	1	1	0	0.793
2006	1	2	0	0.782
2006	1	3	0	0.779
2006	1	4	0	0.779
2006	1	5	0	0.779
2006	1	6	0	0.779
2006	1	7	0	0.779
2006	1	8	0	0.773
2006	1	9	0	0.764
2006	1	10	0	0.67
2006	1	11	0	0.664
2006	1	12	0	0.653
2006	1	13	0	0.647
2006	1	14	0	0.654
2006	1	15	0	0.655
2006	1	16	0	0.649
2006	1	17	0	0.656
2006	1	18	0	0.67
2006	1	19	0	0.66
2006	1	20	0	0.667
2006	1	21	0	0.642
2006	1	22	0	0.628
2006	1	23	0	0.612
2006	1	24	0	0.6
2006	1	25	0	0.611
2006	1	26	0	0.606
2006	1	27	0	0.643
2006	1	28	0	0.627
2006	1	29	0	0.619
2006	1	30	0	0.611
2006	1	31	0	0.613
2006	2	1	0	0.602
2006	2	2	0	0.607
2006	2	3	0	0.601
2006	2	4	0	0.592
2006	2	5	0	0.6
2006	2	6	0	0.616
2006	2	7	0	0.606
2006	2	8	0	0.608
2006	2	9	0	0.598
2006	2	10	0	0.595
2006	2	11	0	0.582
2006	2	12	0	0.568
2006	2	13	0	0.558
2006	2	14	0	0.545
2006	2	15	0	0.541
2006	2	16	0	0.544
2006	2	17	0	0.544
2006	2	18	0	0.536
2006	2	19	0	0.53
2006	2	20	0	0.524
2006	2	21	0	0.516
2006	2	22	0	0.508
2006	2	23	0	0.501
2006	2	24	0	0.518
2006	2	25	0	0.52
2006	2	26	0	0.517
2006	2	27	0	0.51
2006	2	28	0	0.506
2006	3	1	0	0.498
2006	3	2	0	0.493
2006	3	3	0	0.493
2006	3	4	0	0.49
2006	3	5	0	0.48
2006	3	6	0	0.471
2006	3	7	0	0.456
2006	3	8	0	0.45
2006	3	9	0	0.442
2006	3	10	0	0.438
2006	3	11	0	0.425
2006	3	12	0	0.417
2006	3	13	0	0.405
2006	3	14	0	0.405
2006	3	15	0	0.403
2006	3	16	0	0.396
2006	3	17	0	0.393
2006	3	18	0	0.385
2006	3	19	0	0.389
2006	3	20	0	0.392
2006	3	21	0	0.392
2006	3	22	0	0.39
2006	3	23	0	0.385
2006	3	24	0	0.378
2006	3	25	0	0.371
2006	3	26	0	0.362
2006	3	27	0	0.362
2006	3	28	0	0.365
2006	3	29	0	0.375
2006	3	30	0	0.378
2006	3	31	0	0.378
2006	4	1	0	0.378
2006	4	2	0	0.371
2006	4	3	0	0.372
2006	4	4	0	0.371
2006	4	5	0	0.374
2006	4	6	0	0.368
2006	4	7	0	0.365
2006	4	8	0	0.368
2006	4	9	0	0.371
2006	4	10	0	0.368
2006	4	11	0	0.363
2006	4	12	0	0.36
2006	4	13	0	0.365
2006	4	14	0	0.367
2006	4	15	0	0.365
2006	4	16	0	0.36
2006	4	17	0	0.364
2006	4	18	0	0.363
2006	4	19	0	0.363
2006	4	20	0	0.362
2006	4	21	0	0.365
2006	4	22	0	0.367
2006	4	23	0	0.367
2006	4	24	0	0.374
2006	4	25	0	0.388
2006	4	26	0	0.414
2006	4	27	0	0.493
2006	4	28	0	0.577
2006	4	29	0	0.612
2006	4	30	0	0.631
2006	5	1	0	0.695
2006	5	2	0	0.777
2006	5	3	0	0.815
2006	5	4	0	0.95
2006	5	5	0	1.869
2006	5	6	0	3.801
2006	5	7	0	5.643
2006	5	8	0	6.687
2006	5	9	0	7.027
2006	5	10	0	7.218
2006	5	11	0	7.133
2006	5	12	0	6.259
2006	5	13	0	5.055
2006	5	14	0	3.994
2006	5	15	0	3.201
2006	5	16	0	2.68
2006	5	17	0	2.361
2006	5	18	0	2.23
2006	5	19	0	2.378
2006	5	20	0	3.327
2006	5	21	0	4.64
2006	5	22	0	5.304
2006	5	23	0	4.993
2006	5	24	0	5.516
2006	5	25	0	5.109
2006	5	26	0	4.223
2006	5	27	0	3.476
2006	5	28	0	3.03
2006	5	29	0	2.844
2006	5	30	0	2.756
2006	5	31	0	2.602
2006	6	1	0	2.398
2006	6	2	0	2.259
2006	6	3	0	2.525
2006	6	4	0	2.62
2006	6	5	0	2.443
2006	6	6	0	2.309
2006	6	7	0	2.421
2006	6	8	0	2.866
2006	6	9	0	3.422
2006	6	10	0	3.967
2006	6	11	0	4.335
2006	6	12	0	4.808
2006	6	13	0	5.702
2006	6	14	0	6.633
2006	6	15	0	5.19
2006	6	16	0	3.802
2006	6	17	0	3.174
2006	6	18	0	3.294
2006	6	19	0	3.81
2006	6	20	0	4.224
2006	6	21	0	4.208
2006	6	22	0	4.122
2006	6	23	0	4.012
2006	6	24	0	3.533
2006	6	25	0	3.05
2006	6	26	0	2.737
2006	6	27	0	2.509
2006	6	28	0	2.354
2006	6	29	0	2.228
2006	6	30	0	2.106
2006	7	1	0	2.06
2006	7	2	0	2.04
2006	7	3	0	2.026
2006	7	4	0	1.996
2006	7	5	0	1.946
2006	7	6	0	1.956
2006	7	7	0	1.971
2006	7	8	0	1.988
2006	7	9	0	1.919
2006	7	10	0	2.073
2006	7	11	0	2.415
2006	7	12	0	2.369
2006	7	13	0	2.213
2006	7	14	0	2.03
2006	7	15	0	1.853
2006	7	16	0	1.702
2006	7	17	0	1.595
2006	7	18	0	1.512
2006	7	19	0	1.438
2006	7	20	0	1.374
2006	7	21	0	1.392
2006	7	22	0	1.361
2006	7	23	0	1.332
2006	7	24	0	1.331
2006	7	25	0	1.443
2006	7	26	0	1.496
2006	7	27	0	1.488
2006	7	28	0	1.44
2006	7	29	0	1.453
2006	7	30	0	1.622
2006	7	31	0	2.055
2006	8	1	0	2.198
2006	8	2	0	2.146
2006	8	3	0	2.035
2006	8	4	0	1.904
2006	8	5	0	1.783
2006	8	6	0	1.666
2006	8	7	0	1.66
2006	8	8	0	1.874
2006	8	9	0	1.987
2006	8	10	0	2.586
2006	8	11	0	3.148
2006	8	12	0	3.192
2006	8	13	0	2.942
2006	8	14	0	2.687
2006	8	15	0	3.451
2006	8	16	0	5.593
2006	8	17	0	5.938
2006	8	18	0	5.174
2006	8	19	0	4.374
2006	8	20	0	3.835
2006	8	21	0	3.606
2006	8	22	0	3.465
2006	8	23	0	3.58
2006	8	24	0	3.991
2006	8	25	0	3.983
2006	8	26	0	3.684
2006	8	27	0	3.425
2006	8	28	0	3.423
2006	8	29	0	3.576
2006	8	30	0	3.537
2006	8	31	0	3.37
2006	9	1	0	3.417
2006	9	2	0	4.386
2006	9	3	0	4.115
2006	9	4	0	4.838
2006	9	5	0	4.658
2006	9	6	0	4.119
2006	9	7	0	3.782
2006	9	8	0	3.477
2006	9	9	0	3.205
2006	9	10	0	3.002
2006	9	11	0	2.82
2006	9	12	0	2.691
2006	9	13	0	2.57
2006	9	14	0	2.503
2006	9	15	0	2.392
2006	9	16	0	2.303
2006	9	17	0	2.248
2006	9	18	0	2.181
2006	9	19	0	2.11
2006	9	20	0	2.06
2006	9	21	0	1.998
2006	9	22	0	1.942
2006	9	23	0	1.892
2006	9	24	0	1.863
2006	9	25	0	1.821
2006	9	26	0	1.81
2006	9	27	0	1.801
2006	9	28	0	1.79
2006	9	29	0	1.802
2006	9	30	0	1.792
2006	10	1	0	1.76
2006	10	2	0	1.728
2006	10	3	0	1.811
2006	10	4	0	1.974
2006	10	5	0	2.034
2006	10	6	0	2.065
2006	10	7	0	2.404
2006	10	8	0	2.878
2006	10	9	0	2.882
2006	10	10	0	2.715
2006	10	11	0	2.52
2006	10	12	0	2.366
2006	10	13	0	2.259
2006	10	14	0	2.169
2006	10	15	0	2.085
2006	10	16	0	2.016
2006	10	17	0	1.955
2006	10	18	0	1.938
2006	10	19	0	2.006
2006	10	20	0	1.993
2006	10	21	0	2.143
2006	10	22	0	2.33
2006	10	23	0	2.402
2006	10	24	0	2.378
2006	10	25	0	2.285
2006	10	26	0	2.189
2006	10	27	0	2.171
2006	10	28	0	2.016
2006	10	29	0	1.797
2006	10	30	0	1.806
2006	10	31	0	1.859
2006	11	1	0	1.707
2006	11	2	0	1.667
2006	11	3	0	1.714
2006	11	4	0	1.766
2006	11	5	0	1.783
2006	11	6	0	1.774
2006	11	7	0	1.762
2006	11	8	0	1.697
2006	11	9	0	1.6
2006	11	10	0	1.506
2006	11	11	0	1.501
2006	11	12	0	1.452
2006	11	13	0	1.42
2006	11	14	0	1.407
2006	11	15	0	1.393
2006	11	16	0	1.365
2006	11	17	0	1.491
2006	11	18	0	1.683
2006	11	19	0	1.739
2006	11	20	0	1.679
2006	11	21	0	1.654
2006	11	22	0	1.637
2006	11	23	0	1.611
2006	11	24	0	1.558
2006	11	25	0	1.512
2006	11	26	0	1.669
2006	11	27	0	1.879
2006	11	28	0	1.86
2006	11	29	0	1.916
2006	11	30	0	2.007
2006	12	1	0	1.953
2006	12	2	0	1.885
2006	12	3	0	1.795
2006	12	4	0	1.758
2006	12	5	0	1.733
2006	12	6	0	1.688
2006	12	7	0	1.543
2006	12	8	0	1.466
2006	12	9	0	1.494
2006	12	10	0	1.425
2006	12	11	0	1.417
2006	12	12	0	1.405
2006	12	13	0	1.394
2006	12	14	0	1.366
2006	12	15	0	1.358
2006	12	16	0	1.301
2006	12	17	0	1.226
2006	12	18	0	1.133
2006	12	19	0	1.084
2006	12	20	0	1.089
2006	12	21	0	1.125
2006	12	22	0	1.121
2006	12	23	0	1.129
2006	12	24	0	1.148
2006	12	25	0	1.172
2006	12	26	0	1.167
2006	12	27	0	1.159
2006	12	28	0	1.164
2006	12	29	0	1.097
2006	12	30	0	1.015
2006	12	31	0	1.018
2007	1	1	0	1.026
2007	1	2	0	1.008
2007	1	3	0	0.989
2007	1	4	0	0.966
2007	1	5	0	0.969
2007	1	6	0	0.951
2007	1	7	0	0.933
2007	1	8	0	0.928
2007	1	9	0	0.944
2007	1	10	0	0.928
2007	1	11	0	0.897
2007	1	12	0	0.86
2007	1	13	0	0.842
2007	1	14	0	0.864
2007	1	15	0	0.833
2007	1	16	0	0.839
2007	1	17	0	0.809
2007	1	18	0	0.808
2007	1	19	0	0.801
2007	1	20	0	0.796
2007	1	21	0	0.797
2007	1	22	0	0.801
2007	1	23	0	0.765
2007	1	24	0	0.759
2007	1	25	0	0.745
2007	1	26	0	0.723
2007	1	27	0	0.723
2007	1	28	0	0.724
2007	1	29	0	0.719
2007	1	30	0	0.716
2007	1	31	0	0.703
2007	2	1	0	0.7
2007	2	2	0	0.695
2007	2	3	0	0.693
2007	2	4	0	0.677
2007	2	5	0	0.68
2007	2	6	0	0.679
2007	2	7	0	0.66
2007	2	8	0	0.635
2007	2	9	0	0.622
2007	2	10	0	0.608
2007	2	11	0	0.601
2007	2	12	0	0.592
2007	2	13	0	0.59
2007	2	14	0	0.586
2007	2	15	0	0.58
2007	2	16	0	0.569
2007	2	17	0	0.57
2007	2	18	0	0.554
2007	2	19	0	0.57
2007	2	20	0	0.563
2007	2	21	0	0.564
2007	2	22	0	0.559
2007	2	23	0	0.549
2007	2	24	0	0.545
2007	2	25	0	0.534
2007	2	26	0	0.53
2007	2	27	0	0.529
2007	2	28	0	0.534
2007	3	1	0	0.532
2007	3	2	0	0.529
2007	3	3	0	0.522
2007	3	4	0	0.515
2007	3	5	0	0.511
2007	3	6	0	0.511
2007	3	7	0	0.51
2007	3	8	0	0.506
2007	3	9	0	0.482
2007	3	10	0	0.474
2007	3	11	0	0.471
2007	3	12	0	0.469
2007	3	13	0	0.483
2007	3	14	0	0.49
2007	3	15	0	0.485
2007	3	16	0	0.499
2007	3	17	0	0.5
2007	3	18	0	0.506
2007	3	19	0	0.506
2007	3	20	0	0.502
2007	3	21	0	0.491
2007	3	22	0	0.482
2007	3	23	0	0.477
2007	3	24	0	0.468
2007	3	25	0	0.469
2007	3	26	0	0.47
2007	3	27	0	0.469
2007	3	28	0	0.473
2007	3	29	0	0.477
2007	3	30	0	0.486
2007	3	31	0	0.49
2007	4	1	0	0.496
2007	4	2	0	0.501
2007	4	3	0	0.505
2007	4	4	0	0.507
2007	4	5	0	0.534
2007	4	6	0	0.516
2007	4	7	0	0.521
2007	4	8	0	0.507
2007	4	9	0	0.515
2007	4	10	0	0.509
2007	4	11	0	0.505
2007	4	12	0	0.498
2007	4	13	0	0.509
2007	4	14	0	0.529
2007	4	15	0	0.573
2007	4	16	0	0.676
2007	4	17	0	0.817
2007	4	18	0	0.901
2007	4	19	0	0.926
2007	4	20	0	0.887
2007	4	21	0	0.84
2007	4	22	0	0.798
2007	4	23	0	0.784
2007	4	24	0	0.85
2007	4	25	0	1.164
2007	4	26	0	2.013
2007	4	27	0	3.517
2007	4	28	0	3.852
2007	4	29	0	3.495
2007	4	30	0	3.127
2007	5	1	0	2.928
2007	5	2	0	2.815
2007	5	3	0	2.819
2007	5	4	0	2.9
2007	5	5	0	2.955
2007	5	6	0	2.885
2007	5	7	0	2.82
2007	5	8	0	2.772
2007	5	9	0	2.667
2007	5	10	0	2.485
2007	5	11	0	2.294
2007	5	12	0	2.139
2007	5	13	0	2.076
2007	5	14	0	2.094
2007	5	15	0	2.157
2007	5	16	0	2.059
2007	5	17	0	1.927
2007	5	18	0	1.802
2007	5	19	0	1.838
2007	5	20	0	2.208
2007	5	21	0	2.513
2007	5	22	0	2.579
2007	5	23	0	2.571
2007	5	24	0	2.497
2007	5	25	0	2.514
2007	5	26	0	2.638
2007	5	27	0	2.578
2007	5	28	0	2.506
2007	5	29	0	2.484
2007	5	30	0	2.73
2007	5	31	0	4.717
2007	6	1	0	7.129
2007	6	2	0	7.037
2007	6	3	0	6.154
2007	6	4	0	5.737
2007	6	5	0	5.591
2007	6	6	0	5.903
2007	6	7	0	6.302
2007	6	8	0	6.519
2007	6	9	0	6.618
2007	6	10	0	6.558
2007	6	11	0	6.33
2007	6	12	0	5.923
2007	6	13	0	5.245
2007	6	14	0	4.466
2007	6	15	0	3.83
2007	6	16	0	3.399
2007	6	17	0	3.147
2007	6	18	0	3.046
2007	6	19	0	3.031
2007	6	20	0	3.006
2007	6	21	0	2.988
2007	6	22	0	3.19
2007	6	23	0	4.066
2007	6	24	0	6.467
2007	6	25	0	7.17
2007	6	26	0	6.126
2007	6	27	0	5.251
2007	6	28	0	4.547
2007	6	29	0	4.064
2007	6	30	0	3.673
2007	7	1	0	3.48
2007	7	2	0	3.492
2007	7	3	0	3.467
2007	7	4	0	3.695
2007	7	5	0	4.826
2007	7	6	0	5.261
2007	7	7	0	4.924
2007	7	8	0	4.396
2007	7	9	0	4.291
2007	7	10	0	5.117
2007	7	11	0	5.723
2007	7	12	0	5.447
2007	7	13	0	4.939
2007	7	14	0	4.412
2007	7	15	0	4.177
2007	7	16	0	3.928
2007	7	17	0	3.749
2007	7	18	0	4.537
2007	7	19	0	5.257
2007	7	20	0	4.78
2007	7	21	0	4.105
2007	7	22	0	3.627
2007	7	23	0	3.359
2007	7	24	0	3.232
2007	7	25	0	3.076
2007	7	26	0	2.912
2007	7	27	0	2.803
2007	7	28	0	2.879
2007	7	29	0	2.867
2007	7	30	0	2.902
2007	7	31	0	2.932
2007	8	1	0	2.887
2007	8	2	0	2.804
2007	8	3	0	2.671
2007	8	4	0	2.5
2007	8	5	0	2.419
2007	8	6	0	2.368
2007	8	7	0	2.324
2007	8	8	0	2.294
2007	8	9	0	2.271
2007	8	10	0	2.212
2007	8	11	0	2.178
2007	8	12	0	2.441
2007	8	13	0	3.062
2007	8	14	0	3.679
2007	8	15	0	3.739
2007	8	16	0	5.138
2007	8	17	0	5.419
2007	8	18	0	4.736
2007	8	19	0	4.02
2007	8	20	0	3.553
2007	8	21	0	3.238
2007	8	22	0	2.988
2007	8	23	0	2.781
2007	8	24	0	2.63
2007	8	25	0	2.513
2007	8	26	0	2.371
2007	8	27	0	2.289
2007	8	28	0	2.197
2007	8	29	0	2.118
2007	8	30	0	2.052
2007	8	31	0	1.993
2007	9	1	0	1.933
2007	9	2	0	1.905
2007	9	3	0	1.882
2007	9	4	0	1.943
2007	9	5	0	1.938
2007	9	6	0	1.966
2007	9	7	0	1.933
2007	9	8	0	2.175
2007	9	9	0	2.065
2007	9	10	0	1.971
2007	9	11	0	1.89
2007	9	12	0	1.855
2007	9	13	0	1.713
2007	9	14	0	1.691
2007	9	15	0	1.696
2007	9	16	0	1.644
2007	9	17	0	1.676
2007	9	18	0	1.672
2007	9	19	0	1.62
2007	9	20	0	1.58
2007	9	21	0	1.569
2007	9	22	0	1.538
2007	9	23	0	1.482
2007	9	24	0	1.478
2007	9	25	0	1.642
2007	9	26	0	1.789
2007	9	27	0	1.793
2007	9	28	0	1.742
2007	9	29	0	1.686
2007	9	30	0	1.728
2007	10	1	0	1.967
2007	10	2	0	2.032
2007	10	3	0	1.976
2007	10	4	0	1.886
2007	10	5	0	1.813
2007	10	6	0	1.734
2007	10	7	0	1.689
2007	10	8	0	1.627
2007	10	9	0	1.564
2007	10	10	0	1.516
2007	10	11	0	1.482
2007	10	12	0	1.474
2007	10	13	0	1.434
2007	10	14	0	1.417
2007	10	15	0	1.414
2007	10	16	0	1.424
2007	10	17	0	1.437
2007	10	18	0	1.409
2007	10	19	0	1.324
2007	10	20	0	1.295
2007	10	21	0	1.307
2007	10	22	0	1.317
2007	10	23	0	1.316
2007	10	24	0	1.295
2007	10	25	0	1.265
2007	10	26	0	1.224
2007	10	27	0	1.207
2007	10	28	0	1.229
2007	10	29	0	1.426
2007	10	30	0	1.538
2007	10	31	0	1.48
2007	11	1	0	1.478
2007	11	2	0	1.325
2007	11	3	0	1.284
2007	11	4	0	1.29
2007	11	5	0	1.197
2007	11	6	0	1.193
2007	11	7	0	1.131
2007	11	8	0	1.115
2007	11	9	0	1.112
2007	11	10	0	1.036
2007	11	11	0	0.984
2007	11	12	0	0.975
2007	11	13	0	0.996
2007	11	14	0	0.982
2007	11	15	0	0.909
2007	11	16	0	0.901
2007	11	17	0	0.932
2007	11	18	0	0.946
2007	11	19	0	0.944
2007	11	20	0	0.935
2007	11	21	0	0.892
2007	11	22	0	0.867
2007	11	23	0	0.879
2007	11	24	0	0.841
2007	11	25	0	0.838
2007	11	26	0	0.801
2007	11	27	0	0.774
2007	11	28	0	0.771
2007	11	29	0	0.8
2007	11	30	0	0.811
2007	12	1	0	0.853
2007	12	2	0	0.886
2007	12	3	0	0.879
2007	12	4	0	0.851
2007	12	5	0	0.82
2007	12	6	0	0.82
2007	12	7	0	0.831
2007	12	8	0	0.828
2007	12	9	0	0.817
2007	12	10	0	0.81
2007	12	11	0	0.791
2007	12	12	0	0.765
2007	12	13	0	0.73
2007	12	14	0	0.703
2007	12	15	0	0.691
2007	12	16	0	0.678
2007	12	17	0	0.666
2007	12	18	0	0.656
2007	12	19	0	0.636
2007	12	20	0	0.621
2007	12	21	0	0.633
2007	12	22	0	0.629
2007	12	23	0	0.628
2007	12	24	0	0.603
2007	12	25	0	0.605
2007	12	26	0	0.609
2007	12	27	0	0.61
2007	12	28	0	0.613
2007	12	29	0	0.62
2007	12	30	0	0.624
2007	12	31	0	0.615
2008	1	1	0	0.609
2008	1	2	0	0.602
2008	1	3	0	0.599
2008	1	4	0	0.59
2008	1	5	0	0.588
2008	1	6	0	0.592
2008	1	7	0	0.59
2008	1	8	0	0.591
2008	1	9	0	0.599
2008	1	10	0	0.588
2008	1	11	0	0.587
2008	1	12	0	0.582
2008	1	13	0	0.571
2008	1	14	0	0.562
2008	1	15	0	0.567
2008	1	16	0	0.589
2008	1	17	0	0.608
2008	1	18	0	0.589
2008	1	19	0	0.58
2008	1	20	0	0.56
2008	1	21	0	0.548
2008	1	22	0	0.537
2008	1	23	0	0.526
2008	1	24	0	0.528
2008	1	25	0	0.523
2008	1	26	0	0.525
2008	1	27	0	0.524
2008	1	28	0	0.504
2008	1	29	0	0.507
2008	1	30	0	0.512
2008	1	31	0	0.503
2008	2	1	0	0.505
2008	2	2	0	0.502
2008	2	3	0	0.498
2008	2	4	0	0.491
2008	2	5	0	0.49
2008	2	6	0	0.489
2008	2	7	0	0.49
2008	2	8	0	0.48
2008	2	9	0	0.474
2008	2	10	0	0.47
2008	2	11	0	0.466
2008	2	12	0	0.444
2008	2	13	0	0.455
2008	2	14	0	0.446
2008	2	15	0	0.444
2008	2	16	0	0.436
2008	2	17	0	0.425
2008	2	18	0	0.43
2008	2	19	0	0.431
2008	2	20	0	0.432
2008	2	21	0	0.434
2008	2	22	0	0.446
2008	2	23	0	0.449
2008	2	24	0	0.444
2008	2	25	0	0.441
2008	2	26	0	0.441
2008	2	27	0	0.441
2008	2	28	0	0.429
2008	2	29	0	0.425
2008	3	1	0	0.425
2008	3	2	0	0.423
2008	3	3	0	0.419
2008	3	4	0	0.415
2008	3	5	0	0.427
2008	3	6	0	0.415
2008	3	7	0	0.408
2008	3	8	0	0.414
2008	3	9	0	0.41
2008	3	10	0	0.409
2008	3	11	0	0.412
2008	3	12	0	0.422
2008	3	13	0	0.42
2008	3	14	0	0.414
2008	3	15	0	0.41
2008	3	16	0	0.402
2008	3	17	0	0.394
2008	3	18	0	0.397
2008	3	19	0	0.396
2008	3	20	0	0.386
2008	3	21	0	0.39
2008	3	22	0	0.386
2008	3	23	0	0.379
2008	3	24	0	0.373
2008	3	25	0	0.372
2008	3	26	0	0.374
2008	3	27	0	0.369
2008	3	28	0	0.363
2008	3	29	0	0.367
2008	3	30	0	0.371
2008	3	31	0	0.37
2008	4	1	0	0.367
2008	4	2	0	0.369
2008	4	3	0	0.368
2008	4	4	0	0.366
2008	4	5	0	0.367
2008	4	6	0	0.366
2008	4	7	0	0.373
2008	4	8	0	0.376
2008	4	9	0	0.364
2008	4	10	0	0.365
2008	4	11	0	0.362
2008	4	12	0	0.363
2008	4	13	0	0.361
2008	4	14	0	0.357
2008	4	15	0	0.354
2008	4	16	0	0.355
2008	4	17	0	0.353
2008	4	18	0	0.351
2008	4	19	0	0.351
2008	4	20	0	0.353
2008	4	21	0	0.357
2008	4	22	0	0.368
2008	4	23	0	0.382
2008	4	24	0	0.403
2008	4	25	0	0.436
2008	4	26	0	0.487
2008	4	27	0	0.565
2008	4	28	0	0.771
2008	4	29	0	1.371
2008	4	30	0	2.699
2008	5	1	0	4.077
2008	5	2	0	5.991
2008	5	3	0	9.58
2008	5	4	0	10.652
2008	5	5	0	9.896
2008	5	6	0	8.507
2008	5	7	0	7.919
2008	5	8	0	7.879
2008	5	9	0	8.419
2008	5	10	0	8.79
2008	5	11	0	9.098
2008	5	12	0	9.356
2008	5	13	0	7.947
2008	5	14	0	6.132
2008	5	15	0	5.368
2008	5	16	0	4.819
2008	5	17	0	4.118
2008	5	18	0	3.522
2008	5	19	0	3.086
2008	5	20	0	2.76
2008	5	21	0	2.541
2008	5	22	0	2.458
2008	5	23	0	2.545
2008	5	24	0	2.696
2008	5	25	0	2.77
2008	5	26	0	2.843
2008	5	27	0	2.968
2008	5	28	0	3.146
2008	5	29	0	3.661
2008	5	30	0	4.935
2008	5	31	0	6.764
2008	6	1	0	10.454
2008	6	2	0	12.373
2008	6	3	0	11.701
2008	6	4	0	11.747
2008	6	5	0	11.132
2008	6	6	0	9.788
2008	6	7	0	8.776
2008	6	8	0	8.404
2008	6	9	0	7.415
2008	6	10	0	6.049
2008	6	11	0	5.167
2008	6	12	0	4.213
2008	6	13	0	3.53
2008	6	14	0	3.216
2008	6	15	0	3.235
2008	6	16	0	3.097
2008	6	17	0	2.966
2008	6	18	0	2.936
2008	6	19	0	3.06
2008	6	20	0	3.971
2008	6	21	0	4.429
2008	6	22	0	3.891
2008	6	23	0	3.529
2008	6	24	0	3.345
2008	6	25	0	3.032
2008	6	26	0	2.741
2008	6	27	0	2.575
2008	6	28	0	2.575
2008	6	29	0	2.653
2008	6	30	0	2.91
2008	7	1	0	3.23
2008	7	2	0	3.176
2008	7	3	0	3.115
2008	7	4	0	3.287
2008	7	5	0	3.348
2008	7	6	0	3.33
2008	7	7	0	3.764
2008	7	8	0	3.855
2008	7	9	0	3.532
2008	7	10	0	3.194
2008	7	11	0	3.116
2008	7	12	0	3.032
2008	7	13	0	3.377
2008	7	14	0	3.288
2008	7	15	0	3.207
2008	7	16	0	3.037
2008	7	17	0	2.847
2008	7	18	0	2.672
2008	7	19	0	2.558
2008	7	20	0	2.469
2008	7	21	0	2.481
2008	7	22	0	2.557
2008	7	23	0	2.505
2008	7	24	0	2.419
2008	7	25	0	2.373
2008	7	26	0	2.358
2008	7	27	0	2.335
2008	7	28	0	2.293
2008	7	29	0	2.371
2008	7	30	0	2.458
2008	7	31	0	2.438
2008	8	1	0	2.415
2008	8	2	0	2.67
2008	8	3	0	2.889
2008	8	4	0	3.62
2008	8	5	0	4.219
2008	8	6	0	3.852
2008	8	7	0	3.514
2008	8	8	0	3.32
2008	8	9	0	3.106
2008	8	10	0	2.91
2008	8	11	0	2.963
2008	8	12	0	3.028
2008	8	13	0	3.068
2008	8	14	0	3.276
2008	8	15	0	3.384
2008	8	16	0	3.356
2008	8	17	0	3.203
2008	8	18	0	2.999
2008	8	19	0	2.828
2008	8	20	0	2.684
2008	8	21	0	2.576
2008	8	22	0	2.455
2008	8	23	0	2.428
2008	8	24	0	2.371
2008	8	25	0	2.271
2008	8	26	0	2.289
2008	8	27	0	2.436
2008	8	28	0	2.471
2008	8	29	0	2.378
2008	8	30	0	2.266
2008	8	31	0	2.179
2008	9	1	0	2.116
2008	9	2	0	2.062
2008	9	3	0	2.208
2008	9	4	0	2.728
2008	9	5	0	2.992
2008	9	6	0	3.735
2008	9	7	0	3.17
2008	9	8	0	2.734
2008	9	9	0	2.504
2008	9	10	0	2.357
2008	9	11	0	2.272
2008	9	12	0	2.233
2008	9	13	0	2.191
2008	9	14	0	2.124
2008	9	15	0	2.053
2008	9	16	0	1.983
2008	9	17	0	1.924
2008	9	18	0	1.867
2008	9	19	0	1.821
2008	9	20	0	1.778
2008	9	21	0	1.737
2008	9	22	0	1.71
2008	9	23	0	1.677
2008	9	24	0	1.64
2008	9	25	0	1.605
2008	9	26	0	1.563
2008	9	27	0	1.532
2008	9	28	0	1.513
2008	9	29	0	1.452
2008	9	30	0	1.43
2008	10	1	0	1.456
2008	10	2	0	1.56
2008	10	3	0	1.859
2008	10	4	0	1.969
2008	10	5	0	1.988
2008	10	6	0	1.901
2008	10	7	0	1.816
2008	10	8	0	1.786
2008	10	9	0	2.141
2008	10	10	0	2.384
2008	10	11	0	2.468
2008	10	12	0	2.498
2008	10	13	0	2.381
2008	10	14	0	2.276
2008	10	15	0	2.14
2008	10	16	0	2.039
2008	10	17	0	1.954
2008	10	18	0	1.872
2008	10	19	0	1.812
2008	10	20	0	1.768
2008	10	21	0	1.977
2008	10	22	0	2.04
2008	10	23	0	1.943
2008	10	24	0	1.916
2008	10	25	0	1.93
2008	10	26	0	1.955
2008	10	27	0	1.917
2008	10	28	0	1.855
2008	10	29	0	1.758
2008	10	30	0	1.66
2008	10	31	0	1.632
2008	11	1	0	1.505
2008	11	2	0	1.425
2008	11	3	0	1.462
2008	11	4	0	1.522
2008	11	5	0	1.502
2008	11	6	0	1.416
2008	11	7	0	1.413
2008	11	8	0	1.406
2008	11	9	0	1.395
2008	11	10	0	1.418
2008	11	11	0	1.376
2008	11	12	0	1.258
2008	11	13	0	1.157
2008	11	14	0	1.158
2008	11	15	0	1.206
2008	11	16	0	1.202
2008	11	17	0	1.149
2008	11	18	0	1.145
2008	11	19	0	1.107
2008	11	20	0	1.085
2008	11	21	0	1.026
2008	11	22	0	0.959
2008	11	23	0	0.927
2008	11	24	0	0.924
2008	11	25	0	0.882
2008	11	26	0	0.886
2008	11	27	0	0.901
2008	11	28	0	0.943
2008	11	29	0	0.926
2008	11	30	0	0.956
2008	12	1	0	0.912
2008	12	2	0	0.878
2008	12	3	0	0.88
2008	12	4	0	0.88
2008	12	5	0	0.867
2008	12	6	0	0.855
2008	12	7	0	0.833
2008	12	8	0	0.821
2008	12	9	0	0.809
2008	12	10	0	0.8
2008	12	11	0	0.774
2008	12	12	0	0.769
2008	12	13	0	0.748
2008	12	14	0	0.741
2008	12	15	0	0.74
2008	12	16	0	0.734
2008	12	17	0	0.748
2008	12	18	0	0.762
2008	12	19	0	0.768
2008	12	20	0	0.769
2008	12	21	0	0.776
2008	12	22	0	0.764
2008	12	23	0	0.754
2008	12	24	0	0.758
2008	12	25	0	0.735
2008	12	26	0	0.725
2008	12	27	0	0.71
2008	12	28	0	0.704
2008	12	29	0	0.68
2008	12	30	0	0.662
2008	12	31	0	0.648
2009	1	1	0	0.633
2009	1	2	0	0.629
2009	1	3	0	0.632
2009	1	4	0	0.629
2009	1	5	0	0.618
2009	1	6	0	0.605
2009	1	7	0	0.608
2009	1	8	0	0.598
2009	1	9	0	0.601
2009	1	10	0	0.593
2009	1	11	0	0.588
2009	1	12	0	0.592
2009	1	13	0	0.599
2009	1	14	0	0.597
2009	1	15	0	0.58
2009	1	16	0	0.553
2009	1	17	0	0.524
2009	1	18	0	0.528
2009	1	19	0	0.543
2009	1	20	0	0.548
2009	1	21	0	0.557
2009	1	22	0	0.548
2009	1	23	0	0.549
2009	1	24	0	0.547
2009	1	25	0	0.565
2009	1	26	0	0.556
2009	1	27	0	0.55
2009	1	28	0	0.528
2009	1	29	0	0.522
2009	1	30	0	0.512
2009	1	31	0	0.505
2009	2	1	0	0.497
2009	2	2	0	0.49
2009	2	3	0	0.483
2009	2	4	0	0.476
2009	2	5	0	0.48
2009	2	6	0	0.476
2009	2	7	0	0.478
2009	2	8	0	0.475
2009	2	9	0	0.476
2009	2	10	0	0.464
2009	2	11	0	0.453
2009	2	12	0	0.444
2009	2	13	0	0.438
2009	2	14	0	0.435
2009	2	15	0	0.427
2009	2	16	0	0.423
2009	2	17	0	0.418
2009	2	18	0	0.42
2009	2	19	0	0.425
2009	2	20	0	0.43
2009	2	21	0	0.429
2009	2	22	0	0.441
2009	2	23	0	0.434
2009	2	24	0	0.434
2009	2	25	0	0.421
2009	2	26	0	0.423
2009	2	27	0	0.421
2009	2	28	0	0.415
2009	3	1	0	0.402
2009	3	2	0	0.407
2009	3	3	0	0.406
2009	3	4	0	0.403
2009	3	5	0	0.421
2009	3	6	0	0.443
2009	3	7	0	0.443
2009	3	8	0	0.45
2009	3	9	0	0.452
2009	3	10	0	0.444
2009	3	11	0	0.437
2009	3	12	0	0.424
2009	3	13	0	0.429
2009	3	14	0	0.431
2009	3	15	0	0.428
2009	3	16	0	0.419
2009	3	17	0	0.416
2009	3	18	0	0.418
2009	3	19	0	0.418
2009	3	20	0	0.413
2009	3	21	0	0.409
2009	3	22	0	0.411
2009	3	23	0	0.41
2009	3	24	0	0.408
2009	3	25	0	0.401
2009	3	26	0	0.399
2009	3	27	0	0.395
2009	3	28	0	0.397
2009	3	29	0	0.397
2009	3	30	0	0.39
2009	3	31	0	0.39
2009	4	1	0	0.392
2009	4	2	0	0.387
2009	4	3	0	0.389
2009	4	4	0	0.393
2009	4	5	0	0.398
2009	4	6	0	0.407
2009	4	7	0	0.422
2009	4	8	0	0.458
2009	4	9	0	0.484
2009	4	10	0	0.5
2009	4	11	0	0.528
2009	4	12	0	0.601
2009	4	13	0	0.731
2009	4	14	0	0.853
2009	4	15	0	0.945
2009	4	16	0	1.063
2009	4	17	0	1.19
2009	4	18	0	1.244
2009	4	19	0	1.218
2009	4	20	0	1.23
2009	4	21	0	1.224
2009	4	22	0	1.234
2009	4	23	0	1.257
2009	4	24	0	1.342
2009	4	25	0	1.476
2009	4	26	0	1.701
2009	4	27	0	2.091
2009	4	28	0	2.618
2009	4	29	0	3.221
2009	4	30	0	3.489
2009	5	1	0	4.115
2009	5	2	0	5.209
2009	5	3	0	5.527
2009	5	4	0	4.795
2009	5	5	0	3.842
2009	5	6	0	3.166
2009	5	7	0	2.675
2009	5	8	0	2.366
2009	5	9	0	2.151
2009	5	10	0	2.004
2009	5	11	0	1.876
2009	5	12	0	1.769
2009	5	13	0	1.685
2009	5	14	0	1.652
2009	5	15	0	1.674
2009	5	16	0	1.772
2009	5	17	0	1.965
2009	5	18	0	2.124
2009	5	19	0	2.16
2009	5	20	0	2.307
2009	5	21	0	2.719
2009	5	22	0	3.082
2009	5	23	0	3.251
2009	5	24	0	3.405
2009	5	25	0	3.415
2009	5	26	0	3.537
2009	5	27	0	4.449
2009	5	28	0	4.55
2009	5	29	0	3.791
2009	5	30	0	3.752
2009	5	31	0	4.761
2009	6	1	0	5.639
2009	6	2	0	5.2
2009	6	3	0	4.218
2009	6	4	0	3.387
2009	6	5	0	2.854
2009	6	6	0	2.514
2009	6	7	0	2.365
2009	6	8	0	2.26
2009	6	9	0	2.181
2009	6	10	0	2.142
2009	6	11	0	2.141
2009	6	12	0	2.167
2009	6	13	0	2.381
2009	6	14	0	2.761
2009	6	15	0	2.792
2009	6	16	0	2.56
2009	6	17	0	2.323
2009	6	18	0	2.28
2009	6	19	0	2.631
2009	6	20	0	2.76
2009	6	21	0	2.762
2009	6	22	0	2.681
2009	6	23	0	2.743
2009	6	24	0	2.886
2009	6	25	0	3.147
2009	6	26	0	3.425
2009	6	27	0	3.615
2009	6	28	0	3.647
2009	6	29	0	3.636
2009	6	30	0	3.593
2009	7	1	0	3.724
2009	7	2	0	3.633
2009	7	3	0	3.488
2009	7	4	0	3.393
2009	7	5	0	3.23
2009	7	6	0	3.172
2009	7	7	0	3.088
2009	7	8	0	3.422
2009	7	9	0	4.406
2009	7	10	0	4.645
2009	7	11	0	4.399
2009	7	12	0	4.337
2009	7	13	0	3.917
2009	7	14	0	3.555
2009	7	15	0	3.464
2009	7	16	0	3.439
2009	7	17	0	3.416
2009	7	18	0	3.222
2009	7	19	0	3.184
2009	7	20	0	4.415
2009	7	21	0	7.49
2009	7	22	0	9.002
2009	7	23	0	7.591
2009	7	24	0	6.062
2009	7	25	0	5.146
2009	7	26	0	4.546
2009	7	27	0	4.195
2009	7	28	0	4.064
2009	7	29	0	3.898
2009	7	30	0	3.71
2009	7	31	0	4.713
2009	8	1	0	6.044
2009	8	2	0	5.604
2009	8	3	0	4.869
2009	8	4	0	4.567
2009	8	5	0	4.487
2009	8	6	0	4.186
2009	8	7	0	3.83
2009	8	8	0	3.525
2009	8	9	0	3.415
2009	8	10	0	3.353
2009	8	11	0	3.346
2009	8	12	0	3.528
2009	8	13	0	3.633
2009	8	14	0	3.475
2009	8	15	0	3.224
2009	8	16	0	3.552
2009	8	17	0	3.87
2009	8	18	0	3.839
2009	8	19	0	3.586
2009	8	20	0	3.29
2009	8	21	0	3.261
2009	8	22	0	3.489
2009	8	23	0	3.387
2009	8	24	0	3.153
2009	8	25	0	2.963
2009	8	26	0	2.914
2009	8	27	0	3.122
2009	8	28	0	3.261
2009	8	29	0	4.118
2009	8	30	0	4.948
2009	8	31	0	4.583
2009	9	1	0	4.124
2009	9	2	0	4.105
2009	9	3	0	4.027
2009	9	4	0	4.059
2009	9	5	0	5.891
2009	9	6	0	5.132
2009	9	7	0	4.252
2009	9	8	0	3.813
2009	9	9	0	3.588
2009	9	10	0	3.308
2009	9	11	0	3.096
2009	9	12	0	2.961
2009	9	13	0	2.85
2009	9	14	0	2.714
2009	9	15	0	2.594
2009	9	16	0	2.5
2009	9	17	0	2.411
2009	9	18	0	2.354
2009	9	19	0	2.284
2009	9	20	0	2.227
2009	9	21	0	2.163
2009	9	22	0	2.114
2009	9	23	0	2.087
2009	9	24	0	2.023
2009	9	25	0	1.961
2009	9	26	0	1.913
2009	9	27	0	1.878
2009	9	28	0	1.849
2009	9	29	0	1.785
2009	9	30	0	1.73
2009	10	1	0	1.727
2009	10	2	0	1.7
2009	10	3	0	1.689
2009	10	4	0	1.713
2009	10	5	0	1.665
2009	10	6	0	1.62
2009	10	7	0	1.622
2009	10	8	0	1.579
2009	10	9	0	1.546
2009	10	10	0	1.478
2009	10	11	0	1.45
2009	10	12	0	1.452
2009	10	13	0	1.412
2009	10	14	0	1.333
2009	10	15	0	1.302
2009	10	16	0	1.385
2009	10	17	0	1.412
2009	10	18	0	1.391
2009	10	19	0	1.368
2009	10	20	0	1.305
2009	10	21	0	1.28
2009	10	22	0	1.255
2009	10	23	0	1.244
2009	10	24	0	1.227
2009	10	25	0	1.21
2009	10	26	0	1.203
2009	10	27	0	1.156
2009	10	28	0	1.111
2009	10	29	0	1.013
2009	10	30	0	0.982
2009	10	31	0	0.989
2009	11	1	0	0.978
2009	11	2	0	1.017
2009	11	3	0	1.017
2009	11	4	0	1.001
2009	11	5	0	0.986
2009	11	6	0	0.981
2009	11	7	0	0.99
2009	11	8	0	1.001
2009	11	9	0	0.966
2009	11	10	0	0.89
2009	11	11	0	0.864
2009	11	12	0	0.834
2009	11	13	0	0.767
2009	11	14	0	0.761
2009	11	15	0	0.799
2009	11	16	0	0.891
2009	11	17	0	0.959
2009	11	18	0	0.997
2009	11	19	0	0.995
2009	11	20	0	0.989
2009	11	21	0	1.048
2009	11	22	0	1.085
2009	11	23	0	1.097
2009	11	24	0	1.081
2009	11	25	0	1.03
2009	11	26	0	1.006
2009	11	27	0	0.994
2009	11	28	0	0.952
2009	11	29	0	0.926
2009	11	30	0	0.905
2009	12	1	0	0.862
2009	12	2	0	0.806
2009	12	3	0	0.755
2009	12	4	0	0.724
2009	12	5	0	0.726
2009	12	6	0	0.739
2009	12	7	0	0.757
2009	12	8	0	0.759
2009	12	9	0	0.758
2009	12	10	0	0.763
2009	12	11	0	0.759
2009	12	12	0	0.758
2009	12	13	0	0.758
2009	12	14	0	0.759
2009	12	15	0	0.749
2009	12	16	0	0.738
2009	12	17	0	0.716
2009	12	18	0	0.692
2009	12	19	0	0.672
2009	12	20	0	0.653
2009	12	21	0	0.637
2009	12	22	0	0.624
2009	12	23	0	0.615
2009	12	24	0	0.608
2009	12	25	0	0.605
2009	12	26	0	0.651
2009	12	27	0	0.662
2009	12	28	0	0.645
2009	12	29	0	0.631
2009	12	30	0	0.618
2009	12	31	0	0.61
2010	1	1	0	0.611
2010	1	2	0	0.617
2010	1	3	0	0.604
2010	1	4	0	0.596
2010	1	5	0	0.593
2010	1	6	0	0.588
2010	1	7	0	0.581
2010	1	8	0	0.569
2010	1	9	0	0.55
2010	1	10	0	0.543
2010	1	11	0	0.536
2010	1	12	0	0.531
2010	1	13	0	0.528
2010	1	14	0	0.516
2010	1	15	0	0.513
2010	1	16	0	0.512
2010	1	17	0	0.519
2010	1	18	0	0.519
2010	1	19	0	0.516
2010	1	20	0	0.509
2010	1	21	0	0.51
2010	1	22	0	0.508
2010	1	23	0	0.495
2010	1	24	0	0.502
2010	1	25	0	0.501
2010	1	26	0	0.488
2010	1	27	0	0.493
2010	1	28	0	0.491
2010	1	29	0	0.491
2010	1	30	0	0.486
2010	1	31	0	0.485
2010	2	1	0	0.484
2010	2	2	0	0.474
2010	2	3	0	0.468
2010	2	4	0	0.468
2010	2	5	0	0.465
2010	2	6	0	0.465
2010	2	7	0	0.458
2010	2	8	0	0.452
2010	2	9	0	0.451
2010	2	10	0	0.448
2010	2	11	0	0.437
2010	2	12	0	0.437
2010	2	13	0	0.431
2010	2	14	0	0.429
2010	2	15	0	0.426
2010	2	16	0	0.422
2010	2	17	0	0.418
2010	2	18	0	0.416
2010	2	19	0	0.416
2010	2	20	0	0.414
2010	2	21	0	0.416
2010	2	22	0	0.411
2010	2	23	0	0.404
2010	2	24	0	0.394
2010	2	25	0	0.396
2010	2	26	0	0.392
2010	2	27	0	0.389
2010	2	28	0	0.387
2010	3	1	0	0.386
2010	3	2	0	0.38
2010	3	3	0	0.377
2010	3	4	0	0.373
2010	3	5	0	0.371
2010	3	6	0	0.375
2010	3	7	0	0.37
2010	3	8	0	0.366
2010	3	9	0	0.363
2010	3	10	0	0.356
2010	3	11	0	0.361
2010	3	12	0	0.347
2010	3	13	0	0.339
2010	3	14	0	0.339
2010	3	15	0	0.339
2010	3	16	0	0.344
2010	3	17	0	0.355
2010	3	18	0	0.355
2010	3	19	0	0.353
2010	3	20	0	0.357
2010	3	21	0	0.359
2010	3	22	0	0.357
2010	3	23	0	0.357
2010	3	24	0	0.362
2010	3	25	0	0.36
2010	3	26	0	0.36
2010	3	27	0	0.371
2010	3	28	0	0.377
2010	3	29	0	0.38
2010	3	30	0	0.388
2010	3	31	0	0.396
2010	4	1	0	0.407
2010	4	2	0	0.406
2010	4	3	0	0.396
2010	4	4	0	0.39
2010	4	5	0	0.382
2010	4	6	0	0.374
2010	4	7	0	0.376
2010	4	8	0	0.376
2010	4	9	0	0.391
2010	4	10	0	0.398
2010	4	11	0	0.408
2010	4	12	0	0.414
2010	4	13	0	0.441
2010	4	14	0	0.463
2010	4	15	0	0.485
2010	4	16	0	0.505
2010	4	17	0	0.516
2010	4	18	0	0.523
2010	4	19	0	0.519
2010	4	20	0	0.516
2010	4	21	0	0.509
2010	4	22	0	0.497
2010	4	23	0	0.484
2010	4	24	0	0.477
2010	4	25	0	0.468
2010	4	26	0	0.464
2010	4	27	0	0.48
2010	4	28	0	0.495
2010	4	29	0	0.514
2010	4	30	0	0.593
2010	5	1	0	0.789
2010	5	2	0	0.92
2010	5	3	0	0.961
2010	5	4	0	0.957
2010	5	5	0	0.927
2010	5	6	0	0.891
2010	5	7	0	0.852
2010	5	8	0	0.846
2010	5	9	0	0.874
2010	5	10	0	0.923
2010	5	11	0	0.925
2010	5	12	0	0.909
2010	5	13	0	0.903
2010	5	14	0	0.894
2010	5	15	0	0.975
2010	5	16	0	1.538
2010	5	17	0	3.897
2010	5	18	0	6.233
2010	5	19	0	7.031
2010	5	20	0	8.293
2010	5	21	0	9.97
2010	5	22	0	9.971
2010	5	23	0	9.349
2010	5	24	0	8.322
2010	5	25	0	6.156
2010	5	26	0	4.636
2010	5	27	0	3.654
2010	5	28	0	3.151
2010	5	29	0	2.938
2010	5	30	0	2.869
2010	5	31	0	2.837
2010	6	1	0	3.058
2010	6	2	0	3.611
2010	6	3	0	4.246
2010	6	4	0	4.499
2010	6	5	0	4.209
2010	6	6	0	3.866
2010	6	7	0	3.657
2010	6	8	0	3.6
2010	6	9	0	4.109
2010	6	10	0	4.572
2010	6	11	0	4.821
2010	6	12	0	6.73
2010	6	13	0	10.271
2010	6	14	0	9.406
2010	6	15	0	6.489
2010	6	16	0	4.82
2010	6	17	0	4.032
2010	6	18	0	4.003
2010	6	19	0	4.197
2010	6	20	0	3.878
2010	6	21	0	3.423
2010	6	22	0	3.154
2010	6	23	0	3.135
2010	6	24	0	3.336
2010	6	25	0	3.902
2010	6	26	0	4.449
2010	6	27	0	4.134
2010	6	28	0	3.703
2010	6	29	0	3.778
2010	6	30	0	4.202
2010	7	1	0	6.257
2010	7	2	0	6.364
2010	7	3	0	5.55
2010	7	4	0	5.483
2010	7	5	0	4.87
2010	7	6	0	4.329
2010	7	7	0	3.759
2010	7	8	0	3.374
2010	7	9	0	3.201
2010	7	10	0	2.971
2010	7	11	0	2.836
2010	7	12	0	2.994
2010	7	13	0	3.259
2010	7	14	0	3.94
2010	7	15	0	4.35
2010	7	16	0	5.296
2010	7	17	0	5.303
2010	7	18	0	4.547
2010	7	19	0	3.929
2010	7	20	0	3.497
2010	7	21	0	3.235
2010	7	22	0	3.822
2010	7	23	0	4.277
2010	7	24	0	3.857
2010	7	25	0	3.341
2010	7	26	0	3.073
2010	7	27	0	2.926
2010	7	28	0	2.76
2010	7	29	0	2.624
2010	7	30	0	2.63
2010	7	31	0	3.062
2010	8	1	0	3.248
2010	8	2	0	3.502
2010	8	3	0	3.543
2010	8	4	0	3.305
2010	8	5	0	3.087
2010	8	6	0	3.251
2010	8	7	0	3.96
2010	8	8	0	3.922
2010	8	9	0	3.547
2010	8	10	0	3.31
2010	8	11	0	3.162
2010	8	12	0	3.198
2010	8	13	0	3.332
2010	8	14	0	3.804
2010	8	15	0	3.799
2010	8	16	0	3.455
2010	8	17	0	3.174
2010	8	18	0	2.961
2010	8	19	0	2.83
2010	8	20	0	2.687
2010	8	21	0	2.585
2010	8	22	0	2.469
2010	8	23	0	2.372
2010	8	24	0	2.449
2010	8	25	0	3.007
2010	8	26	0	3.171
2010	8	27	0	3.201
2010	8	28	0	3.362
2010	8	29	0	3.999
2010	8	30	0	4.326
2010	8	31	0	4.024
2010	9	1	0	3.701
2010	9	2	0	3.364
2010	9	3	0	3.509
2010	9	4	0	4.627
2010	9	5	0	3.708
2010	9	6	0	3.073
2010	9	7	0	2.748
2010	9	8	0	2.554
2010	9	9	0	2.434
2010	9	10	0	2.357
2010	9	11	0	2.298
2010	9	12	0	2.601
2010	9	13	0	2.916
2010	9	14	0	2.94
2010	9	15	0	2.978
2010	9	16	0	2.861
2010	9	17	0	2.812
2010	9	18	0	2.804
2010	9	19	0	2.895
2010	9	20	0	2.835
2010	9	21	0	2.705
2010	9	22	0	2.535
2010	9	23	0	2.481
2010	9	24	0	2.949
2010	9	25	0	3.272
2010	9	26	0	3.211
2010	9	27	0	3.025
2010	9	28	0	2.833
2010	9	29	0	2.677
2010	9	30	0	2.56
2010	10	1	0	2.47
2010	10	2	0	2.408
2010	10	3	0	2.387
2010	10	4	0	2.753
2010	10	5	0	3.738
2010	10	6	0	4.879
2010	10	7	0	7.236
2010	10	8	0	8.677
2010	10	9	0	7.097
2010	10	10	0	5.641
