2000	10	1	0	1.694
2000	10	2	0	1.58
2000	10	3	0	1.495
2000	10	4	0	1.42
2000	10	5	0	1.323
2000	10	6	0	1.249
2000	10	7	0	1.203
2000	10	8	0	1.201
2000	10	9	0	1.171
2000	10	10	0	1.2
2000	10	11	0	1.342
2000	10	12	0	1.498
2000	10	13	0	1.733
2000	10	14	0	1.565
2000	10	15	0	1.446
2000	10	16	0	1.533
2000	10	17	0	1.519
2000	10	18	0	1.702
2000	10	19	0	1.82
2000	10	20	0	1.768
2000	10	21	0	1.706
2000	10	22	0	2.035
2000	10	23	0	2.402
2000	10	24	0	1.97
2000	10	25	0	1.992
2000	10	26	0	1.803
2000	10	27	0	1.675
2000	10	28	0	1.575
2000	10	29	0	1.494
2000	10	30	0	1.421
2000	10	31	0	1.356
2000	11	1	0	1.39
2000	11	2	0	1.501
2000	11	3	0	1.422
2000	11	4	0	1.332
2000	11	5	0	1.339
2000	11	6	0	1.254
2000	11	7	0	1.183
2000	11	8	0	1.137
2000	11	9	0	1.175
2000	11	10	0	1.3
2000	11	11	0	1.268
2000	11	12	0	1.163
2000	11	13	0	1.249
2000	11	14	0	1.309
2000	11	15	0	1.132
2000	11	16	0	1.082
2000	11	17	0	1.045
2000	11	18	0	1.01
2000	11	19	0	0.977
2000	11	20	0	0.947
2000	11	21	0	0.918
2000	11	22	0	0.891
2000	11	23	0	0.865
2000	11	24	0	0.841
2000	11	25	0	0.851
2000	11	26	0	0.863
2000	11	27	0	0.802
2000	11	28	0	0.779
2000	11	29	0	0.759
2000	11	30	0	0.741
2000	12	1	0	0.724
2000	12	2	0	0.709
2000	12	3	0	0.719
2000	12	4	0	0.734
2000	12	5	0	0.682
2000	12	6	0	0.791
2000	12	7	0	1.073
2000	12	8	0	1.066
2000	12	9	0	0.835
2000	12	10	0	0.799
2000	12	11	0	0.789
2000	12	12	0	0.781
2000	12	13	0	0.75
2000	12	14	0	0.776
2000	12	15	0	0.805
2000	12	16	0	0.733
2000	12	17	0	0.712
2000	12	18	0	0.696
2000	12	19	0	0.681
2000	12	20	0	0.667
2000	12	21	0	0.653
2000	12	22	0	0.639
2000	12	23	0	0.626
2000	12	24	0	0.614
2000	12	25	0	0.602
2000	12	26	0	0.59
2000	12	27	0	0.579
2000	12	28	0	0.568
2000	12	29	0	0.558
2000	12	30	0	0.548
2000	12	31	0	0.538
2001	1	1	0	0.529
2001	1	2	0	0.52
2001	1	3	0	0.511
2001	1	4	0	0.503
2001	1	5	0	0.495
2001	1	6	0	0.487
2001	1	7	0	0.479
2001	1	8	0	0.472
2001	1	9	0	0.464
2001	1	10	0	0.457
2001	1	11	0	0.45
2001	1	12	0	0.444
2001	1	13	0	0.437
2001	1	14	0	0.431
2001	1	15	0	0.425
2001	1	16	0	0.419
2001	1	17	0	0.413
2001	1	18	0	0.407
2001	1	19	0	0.402
2001	1	20	0	0.397
2001	1	21	0	0.391
2001	1	22	0	0.386
2001	1	23	0	0.381
2001	1	24	0	0.376
2001	1	25	0	0.372
2001	1	26	0	0.367
2001	1	27	0	0.363
2001	1	28	0	0.358
2001	1	29	0	0.354
2001	1	30	0	0.35
2001	1	31	0	0.346
2001	2	1	0	0.341
2001	2	2	0	0.338
2001	2	3	0	0.334
2001	2	4	0	0.33
2001	2	5	0	0.326
2001	2	6	0	0.323
2001	2	7	0	0.319
2001	2	8	0	0.316
2001	2	9	0	0.312
2001	2	10	0	0.309
2001	2	11	0	0.306
2001	2	12	0	0.302
2001	2	13	0	0.299
2001	2	14	0	0.298
2001	2	15	0	0.302
2001	2	16	0	0.302
2001	2	17	0	0.291
2001	2	18	0	0.287
2001	2	19	0	0.287
2001	2	20	0	0.287
2001	2	21	0	0.28
2001	2	22	0	0.277
2001	2	23	0	0.275
2001	2	24	0	0.272
2001	2	25	0	0.27
2001	2	26	0	0.267
2001	2	27	0	0.265
2001	2	28	0	0.262
2001	3	1	0	0.26
2001	3	2	0	0.258
2001	3	3	0	0.255
2001	3	4	0	0.253
2001	3	5	0	0.251
2001	3	6	0	0.249
2001	3	7	0	0.246
2001	3	8	0	0.244
2001	3	9	0	0.242
2001	3	10	0	0.24
2001	3	11	0	0.238
2001	3	12	0	0.236
2001	3	13	0	0.236
2001	3	14	0	0.237
2001	3	15	0	0.231
2001	3	16	0	0.229
2001	3	17	0	0.227
2001	3	18	0	0.226
2001	3	19	0	0.224
2001	3	20	0	0.222
2001	3	21	0	0.22
2001	3	22	0	0.219
2001	3	23	0	0.217
2001	3	24	0	0.215
2001	3	25	0	0.214
2001	3	26	0	0.212
2001	3	27	0	0.21
2001	3	28	0	0.209
2001	3	29	0	0.207
2001	3	30	0	0.206
2001	3	31	0	0.204
2001	4	1	0	0.203
2001	4	2	0	0.207
2001	4	3	0	0.231
2001	4	4	0	0.243
2001	4	5	0	0.231
2001	4	6	0	0.243
2001	4	7	0	0.213
2001	4	8	0	0.209
2001	4	9	0	0.208
2001	4	10	0	0.206
2001	4	11	0	0.205
2001	4	12	0	0.203
2001	4	13	0	0.202
2001	4	14	0	0.2
2001	4	15	0	0.199
2001	4	16	0	0.198
2001	4	17	0	0.196
2001	4	18	0	0.195
2001	4	19	0	0.194
2001	4	20	0	0.193
2001	4	21	0	0.191
2001	4	22	0	0.19
2001	4	23	0	0.189
2001	4	24	0	0.207
2001	4	25	0	0.262
2001	4	26	0	0.297
2001	4	27	0	0.336
2001	4	28	0	0.383
2001	4	29	0	0.338
2001	4	30	0	0.325
2001	5	1	0	0.402
2001	5	2	0	0.484
2001	5	3	0	0.584
2001	5	4	0	0.715
2001	5	5	0	0.429
2001	5	6	0	0.404
2001	5	7	0	0.519
2001	5	8	0	1.324
2001	5	9	0	3.012
2001	5	10	0	4.656
2001	5	11	0	6.783
2001	5	12	0	9.598
2001	5	13	0	12.485
2001	5	14	0	12.568
2001	5	15	0	9.66
2001	5	16	0	7.948
2001	5	17	0	6.927
2001	5	18	0	6.085
2001	5	19	0	5.69
2001	5	20	0	4.978
2001	5	21	0	4.202
2001	5	22	0	3.766
2001	5	23	0	3.971
2001	5	24	0	4.099
2001	5	25	0	3.435
2001	5	26	0	3.144
2001	5	27	0	3.043
2001	5	28	0	3.031
2001	5	29	0	3.156
2001	5	30	0	3.198
2001	5	31	0	3.153
2001	6	1	0	3.017
2001	6	2	0	2.816
2001	6	3	0	2.486
2001	6	4	0	2.292
2001	6	5	0	2.278
2001	6	6	0	2.326
2001	6	7	0	2.296
2001	6	8	0	3.211
2001	6	9	0	3.978
2001	6	10	0	3.127
2001	6	11	0	2.712
2001	6	12	0	2.505
2001	6	13	0	2.331
2001	6	14	0	2.331
2001	6	15	0	2.803
2001	6	16	0	3.012
2001	6	17	0	2.64
2001	6	18	0	2.703
2001	6	19	0	2.516
2001	6	20	0	2.542
2001	6	21	0	3.309
2001	6	22	0	4.499
2001	6	23	0	4.383
2001	6	24	0	3.482
2001	6	25	0	3.159
2001	6	26	0	3.207
2001	6	27	0	3.335
2001	6	28	0	3.045
2001	6	29	0	2.758
2001	6	30	0	2.499
2001	7	1	0	3.121
2001	7	2	0	3.929
2001	7	3	0	3.276
2001	7	4	0	2.788
2001	7	5	0	3.126
2001	7	6	0	3.416
2001	7	7	0	2.826
2001	7	8	0	2.898
2001	7	9	0	2.856
2001	7	10	0	3.883
2001	7	11	0	6.271
2001	7	12	0	6.248
2001	7	13	0	5.399
2001	7	14	0	5.246
2001	7	15	0	4.792
2001	7	16	0	5.151
2001	7	17	0	6.964
2001	7	18	0	6.951
2001	7	19	0	5.63
2001	7	20	0	5.358
2001	7	21	0	5.258
2001	7	22	0	4.923
2001	7	23	0	5.599
2001	7	24	0	5.447
2001	7	25	0	4.281
2001	7	26	0	3.751
2001	7	27	0	3.358
2001	7	28	0	3.031
2001	7	29	0	2.764
2001	7	30	0	2.565
2001	7	31	0	2.394
2001	8	1	0	2.207
2001	8	2	0	2.261
2001	8	3	0	2.314
2001	8	4	0	2.946
2001	8	5	0	5.507
2001	8	6	0	7.536
2001	8	7	0	6.793
2001	8	8	0	5.275
2001	8	9	0	4.887
2001	8	10	0	5.218
2001	8	11	0	4.939
2001	8	12	0	4.512
2001	8	13	0	4.426
2001	8	14	0	3.825
2001	8	15	0	3.512
2001	8	16	0	3.092
2001	8	17	0	3.39
2001	8	18	0	3.628
2001	8	19	0	2.938
2001	8	20	0	2.66
2001	8	21	0	3.205
2001	8	22	0	3.667
2001	8	23	0	2.851
2001	8	24	0	2.578
2001	8	25	0	2.381
2001	8	26	0	2.574
2001	8	27	0	3.043
2001	8	28	0	3.087
2001	8	29	0	2.847
2001	8	30	0	2.495
2001	8	31	0	2.394
2001	9	1	0	2.38
2001	9	2	0	2.721
2001	9	3	0	2.851
2001	9	4	0	2.394
2001	9	5	0	2.223
2001	9	6	0	2.05
2001	9	7	0	1.94
2001	9	8	0	1.842
2001	9	9	0	1.857
2001	9	10	0	2.918
2001	9	11	0	4.413
2001	9	12	0	3.998
2001	9	13	0	3.203
2001	9	14	0	3.187
2001	9	15	0	3.359
2001	9	16	0	3.439
2001	9	17	0	3.636
2001	9	18	0	3.275
2001	9	19	0	2.831
2001	9	20	0	2.733
2001	9	21	0	2.682
2001	9	22	0	2.57
2001	9	23	0	2.486
2001	9	24	0	2.211
2001	9	25	0	2.056
2001	9	26	0	1.942
2001	9	27	0	1.843
2001	9	28	0	1.731
2001	9	29	0	1.639
2001	9	30	0	1.555
2001	10	1	0	1.569
2001	10	2	0	2.143
2001	10	3	0	2.529
2001	10	4	0	1.903
2001	10	5	0	1.759
2001	10	6	0	1.668
2001	10	7	0	2.042
2001	10	8	0	3.641
2001	10	9	0	4.467
2001	10	10	0	3.492
2001	10	11	0	3.544
2001	10	12	0	3.579
2001	10	13	0	3.213
2001	10	14	0	2.91
2001	10	15	0	2.659
2001	10	16	0	2.579
2001	10	17	0	2.493
2001	10	18	0	2.311
2001	10	19	0	2.109
2001	10	20	0	1.974
2001	10	21	0	1.857
2001	10	22	0	1.751
2001	10	23	0	1.657
2001	10	24	0	1.573
2001	10	25	0	1.497
2001	10	26	0	1.441
2001	10	27	0	1.795
2001	10	28	0	2.146
2001	10	29	0	1.699
2001	10	30	0	1.56
2001	10	31	0	1.519
2001	11	1	0	1.484
2001	11	2	0	1.386
2001	11	3	0	1.592
2001	11	4	0	1.844
2001	11	5	0	1.556
2001	11	6	0	1.423
2001	11	7	0	1.358
2001	11	8	0	1.301
2001	11	9	0	1.249
2001	11	10	0	1.2
2001	11	11	0	1.206
2001	11	12	0	1.214
2001	11	13	0	1.119
2001	11	14	0	1.076
2001	11	15	0	1.04
2001	11	16	0	1.006
2001	11	17	0	0.979
2001	11	18	0	0.954
2001	11	19	0	0.921
2001	11	20	0	0.893
2001	11	21	0	0.868
2001	11	22	0	0.844
2001	11	23	0	0.822
2001	11	24	0	0.8
2001	11	25	0	0.78
2001	11	26	0	0.761
2001	11	27	0	0.742
2001	11	28	0	0.725
2001	11	29	0	0.708
2001	11	30	0	0.692
2001	12	1	0	0.676
2001	12	2	0	0.662
2001	12	3	0	0.647
2001	12	4	0	0.634
2001	12	5	0	0.621
2001	12	6	0	0.608
2001	12	7	0	0.596
2001	12	8	0	0.585
2001	12	9	0	0.574
2001	12	10	0	0.586
2001	12	11	0	0.837
2001	12	12	0	1.055
2001	12	13	0	0.727
2001	12	14	0	0.725
2001	12	15	0	0.767
2001	12	16	0	0.724
2001	12	17	0	0.741
2001	12	18	0	0.846
2001	12	19	0	0.828
2001	12	20	0	0.742
2001	12	21	0	0.709
2001	12	22	0	0.693
2001	12	23	0	0.678
2001	12	24	0	0.664
2001	12	25	0	0.65
2001	12	26	0	0.637
2001	12	27	0	0.625
2001	12	28	0	0.613
2001	12	29	0	0.601
2001	12	30	0	0.59
2001	12	31	0	0.579
2002	1	1	0	0.568
2002	1	2	0	0.558
2002	1	3	0	0.548
2002	1	4	0	0.539
2002	1	5	0	0.53
2002	1	6	0	0.521
2002	1	7	0	0.512
2002	1	8	0	0.504
2002	1	9	0	0.496
2002	1	10	0	0.488
2002	1	11	0	0.48
2002	1	12	0	0.473
2002	1	13	0	0.466
2002	1	14	0	0.51
2002	1	15	0	0.56
2002	1	16	0	0.48
2002	1	17	0	0.468
2002	1	18	0	0.461
2002	1	19	0	0.454
2002	1	20	0	0.447
2002	1	21	0	0.441
2002	1	22	0	0.435
2002	1	23	0	0.429
2002	1	24	0	0.423
2002	1	25	0	0.417
2002	1	26	0	0.412
2002	1	27	0	0.406
2002	1	28	0	0.401
2002	1	29	0	0.396
2002	1	30	0	0.39
2002	1	31	0	0.385
2002	2	1	0	0.381
2002	2	2	0	0.376
2002	2	3	0	0.381
2002	2	4	0	0.399
2002	2	5	0	0.392
2002	2	6	0	0.37
2002	2	7	0	0.364
2002	2	8	0	0.36
2002	2	9	0	0.356
2002	2	10	0	0.351
2002	2	11	0	0.347
2002	2	12	0	0.343
2002	2	13	0	0.34
2002	2	14	0	0.336
2002	2	15	0	0.332
2002	2	16	0	0.331
2002	2	17	0	0.374
2002	2	18	0	0.416
2002	2	19	0	0.346
2002	2	20	0	0.337
2002	2	21	0	0.333
2002	2	22	0	0.33
2002	2	23	0	0.326
2002	2	24	0	0.323
2002	2	25	0	0.319
2002	2	26	0	0.316
2002	2	27	0	0.313
2002	2	28	0	0.31
2002	3	1	0	0.306
2002	3	2	0	0.303
2002	3	3	0	0.3
2002	3	4	0	0.297
2002	3	5	0	0.294
2002	3	6	0	0.292
2002	3	7	0	0.289
2002	3	8	0	0.286
2002	3	9	0	0.283
2002	3	10	0	0.281
2002	3	11	0	0.278
2002	3	12	0	0.276
2002	3	13	0	0.273
2002	3	14	0	0.271
2002	3	15	0	0.268
2002	3	16	0	0.266
2002	3	17	0	0.263
2002	3	18	0	0.261
2002	3	19	0	0.259
2002	3	20	0	0.256
2002	3	21	0	0.254
2002	3	22	0	0.252
2002	3	23	0	0.25
2002	3	24	0	0.248
2002	3	25	0	0.246
2002	3	26	0	0.244
2002	3	27	0	0.242
2002	3	28	0	0.301
2002	3	29	0	0.438
2002	3	30	0	0.458
2002	3	31	0	0.378
2002	4	1	0	0.309
2002	4	2	0	0.329
2002	4	3	0	0.446
2002	4	4	0	0.676
2002	4	5	0	0.917
2002	4	6	0	0.94
2002	4	7	0	0.798
2002	4	8	0	0.694
2002	4	9	0	0.615
2002	4	10	0	0.601
2002	4	11	0	0.633
2002	4	12	0	0.672
2002	4	13	0	0.62
2002	4	14	0	0.613
2002	4	15	0	0.619
2002	4	16	0	0.649
2002	4	17	0	0.621
2002	4	18	0	0.611
2002	4	19	0	0.642
2002	4	20	0	0.703
2002	4	21	0	0.705
2002	4	22	0	0.909
2002	4	23	0	1.074
2002	4	24	0	1.183
2002	4	25	0	1.767
2002	4	26	0	2.352
2002	4	27	0	1.992
2002	4	28	0	1.642
2002	4	29	0	1.619
2002	4	30	0	1.529
2002	5	1	0	1.611
2002	5	2	0	1.891
2002	5	3	0	1.961
2002	5	4	0	1.731
2002	5	5	0	1.795
2002	5	6	0	1.771
2002	5	7	0	1.936
2002	5	8	0	2.734
2002	5	9	0	3.208
2002	5	10	0	3.419
2002	5	11	0	4.075
2002	5	12	0	4.256
2002	5	13	0	4.034
2002	5	14	0	3.794
2002	5	15	0	3.863
2002	5	16	0	3.808
2002	5	17	0	3.294
2002	5	18	0	2.931
2002	5	19	0	2.677
2002	5	20	0	2.677
2002	5	21	0	2.759
2002	5	22	0	2.647
2002	5	23	0	2.651
2002	5	24	0	2.722
2002	5	25	0	4.078
2002	5	26	0	5.377
2002	5	27	0	4.363
2002	5	28	0	4.772
2002	5	29	0	7.461
2002	5	30	0	8.121
2002	5	31	0	6.168
2002	6	1	0	5.45
2002	6	2	0	4.556
2002	6	3	0	4.046
2002	6	4	0	3.668
2002	6	5	0	3.341
2002	6	6	0	3.054
2002	6	7	0	2.788
2002	6	8	0	2.571
2002	6	9	0	2.656
2002	6	10	0	2.719
2002	6	11	0	2.913
2002	6	12	0	4.031
2002	6	13	0	4.172
2002	6	14	0	3.651
2002	6	15	0	3.454
2002	6	16	0	3.08
2002	6	17	0	2.896
2002	6	18	0	2.587
2002	6	19	0	2.727
2002	6	20	0	2.848
2002	6	21	0	2.399
2002	6	22	0	2.209
2002	6	23	0	2.275
2002	6	24	0	2.64
2002	6	25	0	2.708
2002	6	26	0	2.421
2002	6	27	0	2.265
2002	6	28	0	2.631
2002	6	29	0	2.955
2002	6	30	0	2.584
2002	7	1	0	2.519
2002	7	2	0	2.411
2002	7	3	0	2.436
2002	7	4	0	2.544
2002	7	5	0	3.024
2002	7	6	0	3.345
2002	7	7	0	3.249
2002	7	8	0	3.923
2002	7	9	0	3.709
2002	7	10	0	3.481
2002	7	11	0	4.711
2002	7	12	0	6.412
2002	7	13	0	5.742
2002	7	14	0	4.442
2002	7	15	0	4.125
2002	7	16	0	3.892
2002	7	17	0	4.281
2002	7	18	0	5.563
2002	7	19	0	5.189
2002	7	20	0	4.401
2002	7	21	0	4.266
2002	7	22	0	3.766
2002	7	23	0	4.101
2002	7	24	0	4.609
2002	7	25	0	3.89
2002	7	26	0	3.595
2002	7	27	0	3.374
2002	7	28	0	2.944
2002	7	29	0	2.685
2002	7	30	0	2.477
2002	7	31	0	2.328
2002	8	1	0	2.524
2002	8	2	0	2.733
2002	8	3	0	2.386
2002	8	4	0	2.157
2002	8	5	0	2.031
2002	8	6	0	1.93
2002	8	7	0	2.332
2002	8	8	0	2.747
2002	8	9	0	2.451
2002	8	10	0	2.332
2002	8	11	0	2.107
2002	8	12	0	2.042
2002	8	13	0	2.205
2002	8	14	0	2.348
2002	8	15	0	1.979
2002	8	16	0	1.853
2002	8	17	0	1.741
2002	8	18	0	1.689
2002	8	19	0	1.644
2002	8	20	0	1.527
2002	8	21	0	1.453
2002	8	22	0	1.388
2002	8	23	0	1.328
2002	8	24	0	1.279
2002	8	25	0	1.234
2002	8	26	0	1.182
2002	8	27	0	1.139
2002	8	28	0	1.098
2002	8	29	0	1.06
2002	8	30	0	1.072
2002	8	31	0	1.22
2002	9	1	0	1.381
2002	9	2	0	1.306
2002	9	3	0	1.143
2002	9	4	0	1.094
2002	9	5	0	1.14
2002	9	6	0	1.316
2002	9	7	0	1.477
2002	9	8	0	1.56
2002	9	9	0	1.458
2002	9	10	0	1.296
2002	9	11	0	1.23
2002	9	12	0	1.178
2002	9	13	0	1.141
2002	9	14	0	1.109
2002	9	15	0	1.066
2002	9	16	0	1.24
2002	9	17	0	1.449
2002	9	18	0	1.208
2002	9	19	0	1.118
2002	9	20	0	1.121
2002	9	21	0	1.129
2002	9	22	0	1.1
2002	9	23	0	1.123
2002	9	24	0	1.043
2002	9	25	0	1.016
2002	9	26	0	0.986
2002	9	27	0	0.946
2002	9	28	0	0.948
2002	9	29	0	0.963
2002	9	30	0	0.912
2002	10	1	0	0.981
2002	10	2	0	1.063
2002	10	3	0	0.932
2002	10	4	0	1.049
2002	10	5	0	1.18
2002	10	6	0	1.084
2002	10	7	0	1.044
2002	10	8	0	0.959
2002	10	9	0	0.927
2002	10	10	0	0.9
2002	10	11	0	0.875
2002	10	12	0	0.851
2002	10	13	0	0.829
2002	10	14	0	0.808
2002	10	15	0	0.787
2002	10	16	0	0.768
2002	10	17	0	0.749
2002	10	18	0	0.732
2002	10	19	0	0.715
2002	10	20	0	0.699
2002	10	21	0	0.684
2002	10	22	0	0.669
2002	10	23	0	0.655
2002	10	24	0	0.641
2002	10	25	0	0.628
2002	10	26	0	0.615
2002	10	27	0	0.603
2002	10	28	0	0.592
2002	10	29	0	0.581
2002	10	30	0	0.57
2002	10	31	0	0.559
2002	11	1	0	0.549
2002	11	2	0	0.54
2002	11	3	0	0.53
2002	11	4	0	0.521
2002	11	5	0	0.512
2002	11	6	0	0.504
2002	11	7	0	0.496
2002	11	8	0	0.488
2002	11	9	0	0.48
2002	11	10	0	0.472
2002	11	11	0	0.465
2002	11	12	0	0.458
2002	11	13	0	0.451
2002	11	14	0	0.444
2002	11	15	0	0.438
2002	11	16	0	0.432
2002	11	17	0	0.425
2002	11	18	0	0.419
2002	11	19	0	0.414
2002	11	20	0	0.408
2002	11	21	0	0.402
2002	11	22	0	0.397
2002	11	23	0	0.392
2002	11	24	0	0.387
2002	11	25	0	0.382
2002	11	26	0	0.377
2002	11	27	0	0.372
2002	11	28	0	0.367
2002	11	29	0	0.363
2002	11	30	0	0.358
2002	12	1	0	0.354
2002	12	2	0	0.35
2002	12	3	0	0.346
2002	12	4	0	0.342
2002	12	5	0	0.338
2002	12	6	0	0.334
2002	12	7	0	0.33
2002	12	8	0	0.326
2002	12	9	0	0.323
2002	12	10	0	0.319
2002	12	11	0	0.316
2002	12	12	0	0.312
2002	12	13	0	0.309
2002	12	14	0	0.306
2002	12	15	0	0.303
2002	12	16	0	0.299
2002	12	17	0	0.296
2002	12	18	0	0.293
2002	12	19	0	0.29
2002	12	20	0	0.287
2002	12	21	0	0.285
2002	12	22	0	0.282
2002	12	23	0	0.279
2002	12	24	0	0.276
2002	12	25	0	0.274
2002	12	26	0	0.271
2002	12	27	0	0.268
2002	12	28	0	0.266
2002	12	29	0	0.264
2002	12	30	0	0.261
2002	12	31	0	0.259
2003	1	1	0	0.256
2003	1	2	0	0.254
2003	1	3	0	0.252
2003	1	4	0	0.25
2003	1	5	0	0.247
2003	1	6	0	0.245
2003	1	7	0	0.243
2003	1	8	0	0.241
2003	1	9	0	0.239
2003	1	10	0	0.237
2003	1	11	0	0.235
2003	1	12	0	0.233
2003	1	13	0	0.231
2003	1	14	0	0.229
2003	1	15	0	0.227
2003	1	16	0	0.225
2003	1	17	0	0.224
2003	1	18	0	0.234
2003	1	19	0	0.247
2003	1	20	0	0.225
2003	1	21	0	0.221
2003	1	22	0	0.22
2003	1	23	0	0.218
2003	1	24	0	0.216
2003	1	25	0	0.215
2003	1	26	0	0.213
2003	1	27	0	0.211
2003	1	28	0	0.21
2003	1	29	0	0.208
2003	1	30	0	0.207
2003	1	31	0	0.205
2003	2	1	0	0.204
2003	2	2	0	0.202
2003	2	3	0	0.201
2003	2	4	0	0.199
2003	2	5	0	0.198
2003	2	6	0	0.197
2003	2	7	0	0.195
2003	2	8	0	0.194
2003	2	9	0	0.193
2003	2	10	0	0.191
2003	2	11	0	0.19
2003	2	12	0	0.189
2003	2	13	0	0.187
2003	2	14	0	0.186
2003	2	15	0	0.185
2003	2	16	0	0.184
2003	2	17	0	0.182
2003	2	18	0	0.181
2003	2	19	0	0.18
2003	2	20	0	0.179
2003	2	21	0	0.178
2003	2	22	0	0.176
2003	2	23	0	0.175
2003	2	24	0	0.174
2003	2	25	0	0.173
2003	2	26	0	0.172
2003	2	27	0	0.171
2003	2	28	0	0.17
2003	3	1	0	0.169
2003	3	2	0	0.168
2003	3	3	0	0.167
2003	3	4	0	0.166
2003	3	5	0	0.165
2003	3	6	0	0.164
2003	3	7	0	0.163
2003	3	8	0	0.162
2003	3	9	0	0.161
2003	3	10	0	0.16
2003	3	11	0	0.17
2003	3	12	0	0.182
2003	3	13	0	0.162
2003	3	14	0	0.242
2003	3	15	0	0.339
2003	3	16	0	0.197
2003	3	17	0	0.194
2003	3	18	0	0.205
2003	3	19	0	0.193
2003	3	20	0	0.188
2003	3	21	0	0.185
2003	3	22	0	0.184
2003	3	23	0	0.218
2003	3	24	0	0.269
2003	3	25	0	0.221
2003	3	26	0	0.206
2003	3	27	0	0.306
2003	3	28	0	0.406
2003	3	29	0	0.272
2003	3	30	0	0.275
2003	3	31	0	0.253
2003	4	1	0	0.24
2003	4	2	0	0.238
2003	4	3	0	0.236
2003	4	4	0	0.235
2003	4	5	0	0.233
2003	4	6	0	0.232
2003	4	7	0	0.231
2003	4	8	0	0.229
2003	4	9	0	0.228
2003	4	10	0	0.227
2003	4	11	0	0.225
2003	4	12	0	0.224
2003	4	13	0	0.223
2003	4	14	0	0.221
2003	4	15	0	0.254
2003	4	16	0	0.42
2003	4	17	0	1.025
2003	4	18	0	2.184
2003	4	19	0	3.268
2003	4	20	0	4.847
2003	4	21	0	6.405
2003	4	22	0	7.143
2003	4	23	0	8.038
2003	4	24	0	7.38
2003	4	25	0	5.717
2003	4	26	0	4.781
2003	4	27	0	4.196
2003	4	28	0	3.743
2003	4	29	0	3.45
2003	4	30	0	3.239
2003	5	1	0	2.939
2003	5	2	0	2.715
2003	5	3	0	2.471
2003	5	4	0	2.288
2003	5	5	0	2.171
2003	5	6	0	2.408
2003	5	7	0	2.658
2003	5	8	0	2.322
2003	5	9	0	2.162
2003	5	10	0	2.106
2003	5	11	0	1.91
2003	5	12	0	1.987
2003	5	13	0	2.544
2003	5	14	0	3.111
2003	5	15	0	2.903
2003	5	16	0	2.377
2003	5	17	0	2.186
2003	5	18	0	2.116
2003	5	19	0	2.151
2003	5	20	0	2.193
2003	5	21	0	2.56
2003	5	22	0	2.772
2003	5	23	0	2.535
2003	5	24	0	2.678
2003	5	25	0	3.045
2003	5	26	0	3.862
2003	5	27	0	3.732
2003	5	28	0	3.143
2003	5	29	0	3.29
2003	5	30	0	3.493
2003	5	31	0	3.021
2003	6	1	0	2.713
2003	6	2	0	2.707
2003	6	3	0	2.929
2003	6	4	0	2.802
2003	6	5	0	2.505
2003	6	6	0	3.07
2003	6	7	0	3.652
2003	6	8	0	2.923
2003	6	9	0	2.632
2003	6	10	0	2.582
2003	6	11	0	2.64
2003	6	12	0	2.629
2003	6	13	0	2.895
2003	6	14	0	3.07
2003	6	15	0	2.486
2003	6	16	0	2.28
2003	6	17	0	2.126
2003	6	18	0	1.991
2003	6	19	0	2.017
2003	6	20	0	2.155
2003	6	21	0	2.217
2003	6	22	0	2.356
2003	6	23	0	2.512
2003	6	24	0	3.041
2003	6	25	0	3.753
2003	6	26	0	3.674
2003	6	27	0	3.041
2003	6	28	0	2.688
2003	6	29	0	2.47
2003	6	30	0	2.289
2003	7	1	0	2.172
2003	7	2	0	2.349
2003	7	3	0	2.76
2003	7	4	0	2.721
2003	7	5	0	2.329
2003	7	6	0	2.121
2003	7	7	0	1.99
2003	7	8	0	2.05
2003	7	9	0	2.505
2003	7	10	0	3.061
2003	7	11	0	2.983
2003	7	12	0	3.11
2003	7	13	0	3.525
2003	7	14	0	2.757
2003	7	15	0	2.497
2003	7	16	0	2.312
2003	7	17	0	2.153
2003	7	18	0	2.047
2003	7	19	0	1.969
2003	7	20	0	2.069
2003	7	21	0	2.155
2003	7	22	0	2.155
2003	7	23	0	2.317
2003	7	24	0	1.932
2003	7	25	0	1.8
2003	7	26	0	1.963
2003	7	27	0	2.209
2003	7	28	0	2.152
2003	7	29	0	2.145
2003	7	30	0	1.888
2003	7	31	0	1.748
2003	8	1	0	1.653
2003	8	2	0	1.688
2003	8	3	0	1.735
2003	8	4	0	1.561
2003	8	5	0	1.467
2003	8	6	0	1.4
2003	8	7	0	1.342
2003	8	8	0	1.288
2003	8	9	0	1.235
2003	8	10	0	1.187
2003	8	11	0	1.189
2003	8	12	0	1.671
2003	8	13	0	2.19
2003	8	14	0	4.288
2003	8	15	0	14.239
2003	8	16	0	18.845
2003	8	17	0	13.393
2003	8	18	0	10.538
2003	8	19	0	8.186
2003	8	20	0	7.315
2003	8	21	0	6.383
2003	8	22	0	5.411
2003	8	23	0	5.278
2003	8	24	0	5.251
2003	8	25	0	4.696
2003	8	26	0	3.931
2003	8	27	0	3.519
2003	8	28	0	3.303
2003	8	29	0	3.12
2003	8	30	0	2.995
2003	8	31	0	2.935
2003	9	1	0	2.636
2003	9	2	0	2.417
2003	9	3	0	2.267
2003	9	4	0	2.133
2003	9	5	0	1.978
2003	9	6	0	1.858
2003	9	7	0	1.754
2003	9	8	0	1.772
2003	9	9	0	1.841
2003	9	10	0	1.76
2003	9	11	0	1.67
2003	9	12	0	1.536
2003	9	13	0	1.55
2003	9	14	0	1.568
2003	9	15	0	1.422
2003	9	16	0	1.36
2003	9	17	0	1.3
2003	9	18	0	1.279
2003	9	19	0	1.35
2003	9	20	0	1.419
2003	9	21	0	1.57
2003	9	22	0	1.717
2003	9	23	0	2.075
2003	9	24	0	2.634
2003	9	25	0	1.903
2003	9	26	0	1.947
2003	9	27	0	2.252
2003	9	28	0	2.184
2003	9	29	0	1.864
2003	9	30	0	1.747
2003	10	1	0	1.722
2003	10	2	0	1.714
2003	10	3	0	1.674
2003	10	4	0	1.668
2003	10	5	0	1.526
2003	10	6	0	1.438
2003	10	7	0	1.38
2003	10	8	0	1.327
2003	10	9	0	1.271
2003	10	10	0	1.229
2003	10	11	0	1.206
2003	10	12	0	1.179
2003	10	13	0	1.116
2003	10	14	0	1.075
2003	10	15	0	1.038
2003	10	16	0	1.018
2003	10	17	0	1.001
2003	10	18	0	0.955
2003	10	19	0	0.925
2003	10	20	0	0.898
2003	10	21	0	0.873
2003	10	22	0	0.849
2003	10	23	0	0.826
2003	10	24	0	0.804
2003	10	25	0	0.784
2003	10	26	0	0.764
2003	10	27	0	0.745
2003	10	28	0	0.955
2003	10	29	0	1.18
2003	10	30	0	0.879
2003	10	31	0	0.835
2003	11	1	0	0.813
2003	11	2	0	0.793
2003	11	3	0	0.773
2003	11	4	0	0.754
2003	11	5	0	0.736
2003	11	6	0	0.826
2003	11	7	0	0.957
2003	11	8	0	0.843
2003	11	9	0	0.771
2003	11	10	0	0.75
2003	11	11	0	0.732
2003	11	12	0	0.715
2003	11	13	0	0.699
2003	11	14	0	0.684
2003	11	15	0	0.669
2003	11	16	0	0.655
2003	11	17	0	0.642
2003	11	18	0	0.629
2003	11	19	0	0.616
2003	11	20	0	0.604
2003	11	21	0	0.593
2003	11	22	0	0.581
2003	11	23	0	0.571
2003	11	24	0	0.56
2003	11	25	0	0.55
2003	11	26	0	0.54
2003	11	27	0	0.531
2003	11	28	0	0.522
2003	11	29	0	0.513
2003	11	30	0	0.505
2003	12	1	0	0.496
2003	12	2	0	0.488
2003	12	3	0	0.481
2003	12	4	0	0.473
2003	12	5	0	0.47
2003	12	6	0	0.468
2003	12	7	0	0.455
2003	12	8	0	0.468
2003	12	9	0	0.483
2003	12	10	0	0.448
2003	12	11	0	0.444
2003	12	12	0	0.443
2003	12	13	0	0.43
2003	12	14	0	0.424
2003	12	15	0	0.418
2003	12	16	0	0.412
2003	12	17	0	0.407
2003	12	18	0	0.609
2003	12	19	0	0.929
2003	12	20	0	0.722
2003	12	21	0	0.566
2003	12	22	0	0.548
2003	12	23	0	0.539
2003	12	24	0	0.53
2003	12	25	0	0.522
2003	12	26	0	0.513
2003	12	27	0	0.505
2003	12	28	0	0.498
2003	12	29	0	0.49
2003	12	30	0	0.483
2003	12	31	0	0.476
2004	1	1	0	0.469
2004	1	2	0	0.462
2004	1	3	0	0.455
2004	1	4	0	0.449
2004	1	5	0	0.443
2004	1	6	0	0.437
2004	1	7	0	0.431
2004	1	8	0	0.425
2004	1	9	0	0.419
2004	1	10	0	0.414
2004	1	11	0	0.409
2004	1	12	0	0.403
2004	1	13	0	0.398
2004	1	14	0	0.393
2004	1	15	0	0.388
2004	1	16	0	0.383
2004	1	17	0	0.379
2004	1	18	0	0.374
2004	1	19	0	0.37
2004	1	20	0	0.365
2004	1	21	0	0.361
2004	1	22	0	0.357
2004	1	23	0	0.353
2004	1	24	0	0.349
2004	1	25	0	0.345
2004	1	26	0	0.341
2004	1	27	0	0.337
2004	1	28	0	0.334
2004	1	29	0	0.33
2004	1	30	0	0.326
2004	1	31	0	0.323
2004	2	1	0	0.319
2004	2	2	0	0.316
2004	2	3	0	0.313
2004	2	4	0	0.31
2004	2	5	0	0.335
2004	2	6	0	0.365
2004	2	7	0	0.317
2004	2	8	0	0.31
2004	2	9	0	0.307
2004	2	10	0	0.304
2004	2	11	0	0.301
2004	2	12	0	0.298
2004	2	13	0	0.327
2004	2	14	0	0.395
2004	2	15	0	0.393
2004	2	16	0	0.362
2004	2	17	0	0.355
2004	2	18	0	0.326
2004	2	19	0	0.321
2004	2	20	0	0.318
2004	2	21	0	0.315
2004	2	22	0	0.312
2004	2	23	0	0.309
2004	2	24	0	0.306
2004	2	25	0	0.303
2004	2	26	0	0.3
2004	2	27	0	0.297
2004	2	28	0	0.294
2004	2	29	0	0.292
2004	3	1	0	0.289
2004	3	2	0	0.293
2004	3	3	0	0.298
2004	3	4	0	0.285
2004	3	5	0	0.282
2004	3	6	0	0.279
2004	3	7	0	0.277
2004	3	8	0	0.274
2004	3	9	0	0.272
2004	3	10	0	0.27
2004	3	11	0	0.267
2004	3	12	0	0.265
2004	3	13	0	0.263
2004	3	14	0	0.26
2004	3	15	0	0.258
2004	3	16	0	0.263
2004	3	17	0	0.322
2004	3	18	0	0.42
2004	3	19	0	0.418
2004	3	20	0	0.371
2004	3	21	0	0.325
2004	3	22	0	0.308
2004	3	23	0	0.304
2004	3	24	0	0.302
2004	3	25	0	0.299
2004	3	26	0	0.297
2004	3	27	0	0.294
2004	3	28	0	0.291
2004	3	29	0	0.289
2004	3	30	0	0.315
2004	3	31	0	0.358
2004	4	1	0	0.327
2004	4	2	0	0.3
2004	4	3	0	0.296
2004	4	4	0	0.293
2004	4	5	0	0.298
2004	4	6	0	0.309
2004	4	7	0	0.3
2004	4	8	0	0.289
2004	4	9	0	0.299
2004	4	10	0	0.311
2004	4	11	0	0.289
2004	4	12	0	0.285
2004	4	13	0	0.282
2004	4	14	0	0.345
2004	4	15	0	0.54
2004	4	16	0	0.71
2004	4	17	0	0.755
2004	4	18	0	0.808
2004	4	19	0	1.042
2004	4	20	0	1.176
2004	4	21	0	1.238
2004	4	22	0	1.306
2004	4	23	0	1.178
2004	4	24	0	1.228
2004	4	25	0	1.612
2004	4	26	0	2.27
2004	4	27	0	2.34
2004	4	28	0	1.924
2004	4	29	0	1.781
2004	4	30	0	1.782
2004	5	1	0	1.99
2004	5	2	0	2.308
2004	5	3	0	2.661
2004	5	4	0	2.652
2004	5	5	0	2.834
2004	5	6	0	3.964
2004	5	7	0	5.192
2004	5	8	0	5.701
2004	5	9	0	6.256
2004	5	10	0	6.571
2004	5	11	0	5.929
2004	5	12	0	4.707
2004	5	13	0	4.072
2004	5	14	0	3.61
2004	5	15	0	3.261
2004	5	16	0	2.976
2004	5	17	0	2.828
2004	5	18	0	2.753
2004	5	19	0	2.519
2004	5	20	0	2.315
2004	5	21	0	2.145
2004	5	22	0	2.005
2004	5	23	0	1.885
2004	5	24	0	1.791
2004	5	25	0	1.718
2004	5	26	0	1.633
2004	5	27	0	1.549
2004	5	28	0	1.574
2004	5	29	0	1.582
2004	5	30	0	1.433
2004	5	31	0	1.432
2004	6	1	0	1.562
2004	6	2	0	1.597
2004	6	3	0	1.469
2004	6	4	0	1.407
2004	6	5	0	1.336
2004	6	6	0	1.266
2004	6	7	0	1.222
2004	6	8	0	1.303
2004	6	9	0	1.381
2004	6	10	0	1.248
2004	6	11	0	1.309
2004	6	12	0	1.349
2004	6	13	0	1.189
2004	6	14	0	1.14
2004	6	15	0	1.101
2004	6	16	0	1.067
2004	6	17	0	1.039
2004	6	18	0	1.087
2004	6	19	0	1.38
2004	6	20	0	1.637
2004	6	21	0	1.514
2004	6	22	0	1.502
2004	6	23	0	1.805
2004	6	24	0	1.881
2004	6	25	0	1.879
2004	6	26	0	2.602
2004	6	27	0	2.909
2004	6	28	0	2.468
2004	6	29	0	2.804
2004	6	30	0	2.917
2004	7	1	0	2.428
2004	7	2	0	2.491
2004	7	3	0	3.05
2004	7	4	0	3.351
2004	7	5	0	2.997
2004	7	6	0	2.721
2004	7	7	0	2.785
2004	7	8	0	2.578
2004	7	9	0	2.294
2004	7	10	0	2.132
2004	7	11	0	1.995
2004	7	12	0	1.961
2004	7	13	0	1.931
2004	7	14	0	1.964
2004	7	15	0	2.293
2004	7	16	0	2.259
2004	7	17	0	1.957
2004	7	18	0	2.215
2004	7	19	0	2.779
2004	7	20	0	2.548
2004	7	21	0	2.138
2004	7	22	0	1.987
2004	7	23	0	2.023
2004	7	24	0	2.243
2004	7	25	0	3.498
2004	7	26	0	4.453
2004	7	27	0	3.113
2004	7	28	0	2.774
2004	7	29	0	2.545
2004	7	30	0	2.353
2004	7	31	0	2.188
2004	8	1	0	2.045
2004	8	2	0	1.942
2004	8	3	0	1.861
2004	8	4	0	1.868
2004	8	5	0	2.224
2004	8	6	0	2.458
2004	8	7	0	2.135
2004	8	8	0	1.903
2004	8	9	0	1.781
2004	8	10	0	1.684
2004	8	11	0	1.597
2004	8	12	0	1.519
2004	8	13	0	1.448
2004	8	14	0	1.383
2004	8	15	0	1.324
2004	8	16	0	1.27
2004	8	17	0	1.525
2004	8	18	0	1.873
2004	8	19	0	1.894
2004	8	20	0	2.556
2004	8	21	0	2.813
2004	8	22	0	3.048
2004	8	23	0	3.552
2004	8	24	0	2.797
2004	8	25	0	2.574
2004	8	26	0	2.438
2004	8	27	0	2.214
2004	8	28	0	2.487
2004	8	29	0	2.934
2004	8	30	0	2.724
2004	8	31	0	2.909
2004	9	1	0	4.576
2004	9	2	0	5.473
2004	9	3	0	3.997
2004	9	4	0	3.452
2004	9	5	0	3.104
2004	9	6	0	2.825
2004	9	7	0	2.615
2004	9	8	0	2.437
2004	9	9	0	2.247
2004	9	10	0	2.094
2004	9	11	0	1.962
2004	9	12	0	1.972
2004	9	13	0	2.187
2004	9	14	0	3.151
2004	9	15	0	3.936
2004	9	16	0	3.091
2004	9	17	0	2.97
2004	9	18	0	2.933
2004	9	19	0	3.065
2004	9	20	0	3.575
2004	9	21	0	3.995
2004	9	22	0	4.842
2004	9	23	0	4.663
2004	9	24	0	3.929
2004	9	25	0	3.409
2004	9	26	0	3.128
2004	9	27	0	3.095
2004	9	28	0	2.976
2004	9	29	0	2.604
2004	9	30	0	2.398
2004	10	1	0	2.236
2004	10	2	0	2.094
2004	10	3	0	2.507
2004	10	4	0	3.146
2004	10	5	0	3.511
2004	10	6	0	3.803
2004	10	7	0	3.218
2004	10	8	0	3.041
2004	10	9	0	2.657
2004	10	10	0	2.495
2004	10	11	0	2.363
2004	10	12	0	2.161
2004	10	13	0	2.018
2004	10	14	0	1.895
2004	10	15	0	1.787
2004	10	16	0	1.69
2004	10	17	0	1.638
2004	10	18	0	1.606
2004	10	19	0	1.524
2004	10	20	0	1.456
2004	10	21	0	1.426
2004	10	22	0	1.457
2004	10	23	0	1.42
2004	10	24	0	1.301
2004	10	25	0	1.244
2004	10	26	0	1.196
2004	10	27	0	1.151
2004	10	28	0	1.109
2004	10	29	0	1.071
2004	10	30	0	1.035
2004	10	31	0	1.001
2004	11	1	0	0.969
2004	11	2	0	0.94
2004	11	3	0	0.912
2004	11	4	0	0.885
2004	11	5	0	1.064
2004	11	6	0	1.25
2004	11	7	0	0.985
2004	11	8	0	0.938
2004	11	9	0	0.91
2004	11	10	0	0.889
2004	11	11	0	0.87
2004	11	12	0	0.973
2004	11	13	0	1.087
2004	11	14	0	0.906
2004	11	15	0	0.878
2004	11	16	0	0.864
2004	11	17	0	0.831
2004	11	18	0	0.808
2004	11	19	0	0.788
2004	11	20	0	0.768
2004	11	21	0	0.75
2004	11	22	0	0.732
2004	11	23	0	0.715
2004	11	24	0	0.699
2004	11	25	0	0.683
2004	11	26	0	0.668
2004	11	27	0	0.654
2004	11	28	0	0.64
2004	11	29	0	0.627
2004	11	30	0	0.615
2004	12	1	0	0.603
2004	12	2	0	0.591
2004	12	3	0	0.58
2004	12	4	0	0.569
2004	12	5	0	0.558
2004	12	6	0	0.551
2004	12	7	0	0.545
2004	12	8	0	0.536
2004	12	9	0	0.531
2004	12	10	0	0.699
2004	12	11	0	0.892
2004	12	12	0	0.633
2004	12	13	0	0.602
2004	12	14	0	0.591
2004	12	15	0	0.603
2004	12	16	0	0.617
2004	12	17	0	0.576
2004	12	18	0	0.563
2004	12	19	0	0.553
2004	12	20	0	0.544
2004	12	21	0	0.534
2004	12	22	0	0.525
2004	12	23	0	0.517
2004	12	24	0	0.508
2004	12	25	0	0.5
2004	12	26	0	0.492
2004	12	27	0	0.485
2004	12	28	0	0.477
2004	12	29	0	0.47
2004	12	30	0	0.463
2004	12	31	0	0.456
2005	1	1	0	0.449
2005	1	2	0	0.443
2005	1	3	0	0.436
2005	1	4	0	0.43
2005	1	5	0	0.424
2005	1	6	0	0.418
2005	1	7	0	0.413
2005	1	8	0	0.408
2005	1	9	0	0.404
2005	1	10	0	0.397
2005	1	11	0	0.409
2005	1	12	0	0.423
2005	1	13	0	0.401
2005	1	14	0	0.403
2005	1	15	0	0.386
2005	1	16	0	0.38
2005	1	17	0	0.413
2005	1	18	0	0.482
2005	1	19	0	0.458
2005	1	20	0	0.402
2005	1	21	0	0.393
2005	1	22	0	0.388
2005	1	23	0	0.384
2005	1	24	0	0.379
2005	1	25	0	0.374
2005	1	26	0	0.37
2005	1	27	0	0.366
2005	1	28	0	0.363
2005	1	29	0	0.361
2005	1	30	0	0.354
2005	1	31	0	0.35
2005	2	1	0	0.346
2005	2	2	0	0.342
2005	2	3	0	0.338
2005	2	4	0	0.335
2005	2	5	0	0.331
2005	2	6	0	0.328
2005	2	7	0	0.324
2005	2	8	0	0.321
2005	2	9	0	0.317
2005	2	10	0	0.314
2005	2	11	0	0.311
2005	2	12	0	0.308
2005	2	13	0	0.304
2005	2	14	0	0.301
2005	2	15	0	0.298
2005	2	16	0	0.295
2005	2	17	0	0.293
2005	2	18	0	0.29
2005	2	19	0	0.287
2005	2	20	0	0.284
2005	2	21	0	0.281
2005	2	22	0	0.279
2005	2	23	0	0.276
2005	2	24	0	0.274
2005	2	25	0	0.271
2005	2	26	0	0.269
2005	2	27	0	0.266
2005	2	28	0	0.264
2005	3	1	0	0.262
2005	3	2	0	0.259
2005	3	3	0	0.257
2005	3	4	0	0.255
2005	3	5	0	0.252
2005	3	6	0	0.25
2005	3	7	0	0.248
2005	3	8	0	0.246
2005	3	9	0	0.244
2005	3	10	0	0.242
2005	3	11	0	0.24
2005	3	12	0	0.238
2005	3	13	0	0.236
2005	3	14	0	0.234
2005	3	15	0	0.232
2005	3	16	0	0.23
2005	3	17	0	0.229
2005	3	18	0	0.227
2005	3	19	0	0.225
2005	3	20	0	0.223
2005	3	21	0	0.221
2005	3	22	0	0.22
2005	3	23	0	0.218
2005	3	24	0	0.216
2005	3	25	0	0.219
2005	3	26	0	0.221
2005	3	27	0	0.214
2005	3	28	0	0.211
2005	3	29	0	0.21
2005	3	30	0	0.208
2005	3	31	0	0.207
2005	4	1	0	0.205
2005	4	2	0	0.207
2005	4	3	0	0.269
2005	4	4	0	0.433
2005	4	5	0	0.507
2005	4	6	0	0.413
2005	4	7	0	0.301
2005	4	8	0	0.288
2005	4	9	0	0.285
2005	4	10	0	0.283
2005	4	11	0	0.286
2005	4	12	0	0.374
2005	4	13	0	0.485
2005	4	14	0	0.38
2005	4	15	0	0.331
2005	4	16	0	0.323
2005	4	17	0	0.356
2005	4	18	0	0.421
2005	4	19	0	0.392
2005	4	20	0	0.345
2005	4	21	0	0.341
2005	4	22	0	0.341
2005	4	23	0	0.334
2005	4	24	0	0.331
2005	4	25	0	0.328
2005	4	26	0	0.389
2005	4	27	0	0.598
2005	4	28	0	0.745
2005	4	29	0	0.71
2005	4	30	0	0.807
2005	5	1	0	1.002
2005	5	2	0	1.315
2005	5	3	0	1.631
2005	5	4	0	1.761
2005	5	5	0	1.899
2005	5	6	0	1.42
2005	5	7	0	1.343
2005	5	8	0	1.277
2005	5	9	0	1.278
2005	5	10	0	1.281
2005	5	11	0	1.187
2005	5	12	0	1.195
2005	5	13	0	1.208
2005	5	14	0	1.123
2005	5	15	0	1.286
2005	5	16	0	1.474
2005	5	17	0	1.259
2005	5	18	0	1.163
2005	5	19	0	1.12
2005	5	20	0	1.089
2005	5	21	0	1.322
2005	5	22	0	1.794
2005	5	23	0	2.043
2005	5	24	0	2.977
2005	5	25	0	3.734
2005	5	26	0	3.623
2005	5	27	0	4.343
2005	5	28	0	4.171
2005	5	29	0	3.528
2005	5	30	0	3.684
2005	5	31	0	3.756
2005	6	1	0	3.282
2005	6	2	0	3.018
2005	6	3	0	3.068
2005	6	4	0	3.189
2005	6	5	0	3.732
2005	6	6	0	3.821
2005	6	7	0	3.041
2005	6	8	0	2.839
2005	6	9	0	3.373
2005	6	10	0	4.151
2005	6	11	0	3.802
2005	6	12	0	4.258
2005	6	13	0	6.902
2005	6	14	0	7.855
2005	6	15	0	6.587
2005	6	16	0	6.322
2005	6	17	0	6.723
2005	6	18	0	7.672
2005	6	19	0	7.833
2005	6	20	0	7.493
2005	6	21	0	7.238
2005	6	22	0	8.026
2005	6	23	0	8.378
2005	6	24	0	6.842
2005	6	25	0	5.932
2005	6	26	0	4.904
2005	6	27	0	4.26
2005	6	28	0	3.781
2005	6	29	0	3.377
2005	6	30	0	3.09
2005	7	1	0	2.886
2005	7	2	0	2.703
2005	7	3	0	2.527
2005	7	4	0	2.533
2005	7	5	0	2.523
2005	7	6	0	2.218
2005	7	7	0	2.071
2005	7	8	0	1.947
2005	7	9	0	1.848
2005	7	10	0	1.763
2005	7	11	0	1.658
2005	7	12	0	1.579
2005	7	13	0	1.497
2005	7	14	0	1.427
2005	7	15	0	1.364
2005	7	16	0	1.402
2005	7	17	0	1.447
2005	7	18	0	1.303
2005	7	19	0	1.237
2005	7	20	0	1.301
2005	7	21	0	2.301
2005	7	22	0	3.294
2005	7	23	0	2.448
2005	7	24	0	2.075
2005	7	25	0	1.931
2005	7	26	0	1.831
2005	7	27	0	1.883
2005	7	28	0	1.999
2005	7	29	0	2.098
2005	7	30	0	2.332
2005	7	31	0	2.195
2005	8	1	0	2.269
2005	8	2	0	2.495
2005	8	3	0	2.056
2005	8	4	0	2.148
2005	8	5	0	2.265
2005	8	6	0	2.021
2005	8	7	0	3.401
2005	8	8	0	7.254
2005	8	9	0	8.078
2005	8	10	0	6.152
2005	8	11	0	7.027
2005	8	12	0	7.847
2005	8	13	0	6.816
2005	8	14	0	5.39
2005	8	15	0	4.634
2005	8	16	0	4.108
2005	8	17	0	3.616
2005	8	18	0	3.24
2005	8	19	0	2.937
2005	8	20	0	2.685
2005	8	21	0	2.515
2005	8	22	0	2.37
2005	8	23	0	3.085
2005	8	24	0	4.488
2005	8	25	0	4.519
2005	8	26	0	4.959
2005	8	27	0	5.113
2005	8	28	0	3.94
2005	8	29	0	3.513
2005	8	30	0	3.478
2005	8	31	0	3.368
2005	9	1	0	2.899
2005	9	2	0	2.974
2005	9	3	0	3.543
2005	9	4	0	3.491
2005	9	5	0	3.409
2005	9	6	0	3.608
2005	9	7	0	3.015
2005	9	8	0	2.798
2005	9	9	0	2.699
2005	9	10	0	2.643
2005	9	11	0	2.333
2005	9	12	0	2.164
2005	9	13	0	2.022
2005	9	14	0	2.036
2005	9	15	0	2.09
2005	9	16	0	1.9
2005	9	17	0	1.753
2005	9	18	0	1.657
2005	9	19	0	1.575
2005	9	20	0	1.501
2005	9	21	0	1.5
2005	9	22	0	1.496
2005	9	23	0	1.371
2005	9	24	0	1.311
2005	9	25	0	1.257
2005	9	26	0	1.216
2005	9	27	0	1.255
2005	9	28	0	1.581
2005	9	29	0	1.758
2005	9	30	0	1.435
2005	10	1	0	1.742
2005	10	2	0	2.08
2005	10	3	0	1.792
2005	10	4	0	1.581
2005	10	5	0	1.507
2005	10	6	0	1.444
2005	10	7	0	1.373
2005	10	8	0	1.315
2005	10	9	0	1.419
2005	10	10	0	1.771
2005	10	11	0	1.82
2005	10	12	0	1.519
2005	10	13	0	1.411
2005	10	14	0	1.464
2005	10	15	0	1.519
2005	10	16	0	1.35
2005	10	17	0	1.299
2005	10	18	0	1.252
2005	10	19	0	1.196
2005	10	20	0	1.151
2005	10	21	0	1.133
2005	10	22	0	1.117
2005	10	23	0	1.056
2005	10	24	0	1.019
2005	10	25	0	0.987
2005	10	26	0	0.956
2005	10	27	0	0.928
2005	10	28	0	0.908
2005	10	29	0	1.589
2005	10	30	0	2.65
2005	10	31	0	2.3
2005	11	1	0	2.203
2005	11	2	0	2.235
2005	11	3	0	2.018
2005	11	4	0	2.296
2005	11	5	0	3.023
2005	11	6	0	2.938
2005	11	7	0	2.378
2005	11	8	0	2.214
2005	11	9	0	2.177
2005	11	10	0	2.321
2005	11	11	0	2.244
2005	11	12	0	2.005
2005	11	13	0	1.927
2005	11	14	0	1.813
2005	11	15	0	1.994
2005	11	16	0	2.15
2005	11	17	0	1.796
2005	11	18	0	1.682
2005	11	19	0	1.596
2005	11	20	0	1.518
2005	11	21	0	1.447
2005	11	22	0	1.383
2005	11	23	0	1.324
2005	11	24	0	1.27
2005	11	25	0	1.22
2005	11	26	0	1.173
2005	11	27	0	1.131
2005	11	28	0	1.091
2005	11	29	0	1.053
2005	11	30	0	1.019
2005	12	1	0	0.986
2005	12	2	0	0.955
2005	12	3	0	0.927
2005	12	4	0	0.9
2005	12	5	0	0.874
2005	12	6	0	0.85
2005	12	7	0	0.827
2005	12	8	0	0.805
2005	12	9	0	0.784
2005	12	10	0	0.765
2005	12	11	0	0.746
2005	12	12	0	0.769
2005	12	13	0	0.794
2005	12	14	0	0.727
2005	12	15	0	0.706
2005	12	16	0	0.69
2005	12	17	0	0.675
2005	12	18	0	0.66
2005	12	19	0	0.646
2005	12	20	0	0.633
2005	12	21	0	0.62
2005	12	22	0	0.607
2005	12	23	0	0.596
2005	12	24	0	0.584
2005	12	25	0	0.573
2005	12	26	0	0.562
2005	12	27	0	0.552
2005	12	28	0	0.542
2005	12	29	0	0.532
2005	12	30	0	0.523
2005	12	31	0	0.514
2006	1	1	0	0.506
2006	1	2	0	0.497
2006	1	3	0	0.489
2006	1	4	0	0.481
2006	1	5	0	0.474
2006	1	6	0	0.466
2006	1	7	0	0.459
2006	1	8	0	0.452
2006	1	9	0	0.445
2006	1	10	0	0.439
2006	1	11	0	0.432
2006	1	12	0	0.426
2006	1	13	0	0.42
2006	1	14	0	0.414
2006	1	15	0	0.408
2006	1	16	0	0.403
2006	1	17	0	0.397
2006	1	18	0	0.392
2006	1	19	0	0.387
2006	1	20	0	0.382
2006	1	21	0	0.377
2006	1	22	0	0.372
2006	1	23	0	0.367
2006	1	24	0	0.363
2006	1	25	0	0.358
2006	1	26	0	0.354
2006	1	27	0	0.35
2006	1	28	0	0.346
2006	1	29	0	0.354
2006	1	30	0	0.387
2006	1	31	0	0.444
2006	2	1	0	0.522
2006	2	2	0	0.504
2006	2	3	0	0.433
2006	2	4	0	0.399
2006	2	5	0	0.393
2006	2	6	0	0.388
2006	2	7	0	0.383
2006	2	8	0	0.379
2006	2	9	0	0.374
2006	2	10	0	0.37
2006	2	11	0	0.365
2006	2	12	0	0.361
2006	2	13	0	0.357
2006	2	14	0	0.353
2006	2	15	0	0.349
2006	2	16	0	0.345
2006	2	17	0	0.341
2006	2	18	0	0.338
2006	2	19	0	0.334
2006	2	20	0	0.33
2006	2	21	0	0.327
2006	2	22	0	0.324
2006	2	23	0	0.327
2006	2	24	0	0.351
2006	2	25	0	0.359
2006	2	26	0	0.325
2006	2	27	0	0.32
2006	2	28	0	0.316
2006	3	1	0	0.313
2006	3	2	0	0.31
2006	3	3	0	0.307
2006	3	4	0	0.304
2006	3	5	0	0.301
2006	3	6	0	0.298
2006	3	7	0	0.295
2006	3	8	0	0.292
2006	3	9	0	0.289
2006	3	10	0	0.287
2006	3	11	0	0.284
2006	3	12	0	0.281
2006	3	13	0	0.279
2006	3	14	0	0.276
2006	3	15	0	0.274
2006	3	16	0	0.271
2006	3	17	0	0.269
2006	3	18	0	0.266
2006	3	19	0	0.268
2006	3	20	0	0.271
2006	3	21	0	0.262
2006	3	22	0	0.259
2006	3	23	0	0.257
2006	3	24	0	0.255
2006	3	25	0	0.253
2006	3	26	0	0.25
2006	3	27	0	0.248
2006	3	28	0	0.246
2006	3	29	0	0.244
2006	3	30	0	0.242
2006	3	31	0	0.24
2006	4	1	0	0.238
2006	4	2	0	0.236
2006	4	3	0	0.234
2006	4	4	0	0.233
2006	4	5	0	0.231
2006	4	6	0	0.229
2006	4	7	0	0.227
2006	4	8	0	0.225
2006	4	9	0	0.224
2006	4	10	0	0.222
2006	4	11	0	0.22
2006	4	12	0	0.219
2006	4	13	0	0.217
2006	4	14	0	0.215
2006	4	15	0	0.214
2006	4	16	0	0.212
2006	4	17	0	0.211
2006	4	18	0	0.209
2006	4	19	0	0.208
2006	4	20	0	0.206
2006	4	21	0	0.205
2006	4	22	0	0.203
2006	4	23	0	0.211
2006	4	24	0	0.228
2006	4	25	0	0.262
2006	4	26	0	0.359
2006	4	27	0	0.373
2006	4	28	0	0.318
2006	4	29	0	0.3
2006	4	30	0	0.361
2006	5	1	0	0.662
2006	5	2	0	0.844
2006	5	3	0	0.612
2006	5	4	0	0.719
2006	5	5	0	1.352
2006	5	6	0	2.758
2006	5	7	0	4.471
2006	5	8	0	6.661
2006	5	9	0	8.805
2006	5	10	0	10.217
2006	5	11	0	10.319
2006	5	12	0	8.561
2006	5	13	0	6.587
2006	5	14	0	5.504
2006	5	15	0	4.683
2006	5	16	0	4.086
2006	5	17	0	3.65
2006	5	18	0	3.347
2006	5	19	0	3.623
2006	5	20	0	4.358
2006	5	21	0	4.512
2006	5	22	0	4.501
2006	5	23	0	4.396
2006	5	24	0	4.73
2006	5	25	0	4.92
2006	5	26	0	3.92
2006	5	27	0	3.445
2006	5	28	0	3.438
2006	5	29	0	3.651
2006	5	30	0	3.344
2006	5	31	0	2.876
2006	6	1	0	2.624
2006	6	2	0	2.482
2006	6	3	0	2.476
2006	6	4	0	2.369
2006	6	5	0	2.12
2006	6	6	0	2.009
2006	6	7	0	2.154
2006	6	8	0	2.519
2006	6	9	0	2.719
2006	6	10	0	2.815
2006	6	11	0	3.017
2006	6	12	0	3.016
2006	6	13	0	2.607
2006	6	14	0	2.367
2006	6	15	0	2.19
2006	6	16	0	2.078
2006	6	17	0	1.982
2006	6	18	0	1.895
2006	6	19	0	1.862
2006	6	20	0	1.889
2006	6	21	0	2.078
2006	6	22	0	2.107
2006	6	23	0	2.137
2006	6	24	0	2.324
2006	6	25	0	2.246
2006	6	26	0	1.948
2006	6	27	0	1.835
2006	6	28	0	1.719
2006	6	29	0	1.627
2006	6	30	0	1.564
2006	7	1	0	1.508
2006	7	2	0	1.422
2006	7	3	0	1.359
2006	7	4	0	1.302
2006	7	5	0	1.249
2006	7	6	0	1.2
2006	7	7	0	1.169
2006	7	8	0	1.438
2006	7	9	0	1.685
2006	7	10	0	1.959
2006	7	11	0	2.591
2006	7	12	0	2.153
2006	7	13	0	2.139
2006	7	14	0	1.898
2006	7	15	0	1.747
2006	7	16	0	1.652
2006	7	17	0	1.569
2006	7	18	0	1.494
2006	7	19	0	1.426
2006	7	20	0	1.363
2006	7	21	0	1.398
2006	7	22	0	1.433
2006	7	23	0	1.29
2006	7	24	0	1.385
2006	7	25	0	1.698
2006	7	26	0	1.704
2006	7	27	0	1.413
2006	7	28	0	1.657
2006	7	29	0	2.506
2006	7	30	0	3.597
2006	7	31	0	3.772
2006	8	1	0	3.997
2006	8	2	0	4.765
2006	8	3	0	3.796
2006	8	4	0	3.472
2006	8	5	0	3.037
2006	8	6	0	2.762
2006	8	7	0	2.539
2006	8	8	0	3.576
2006	8	9	0	4.757
2006	8	10	0	4.914
2006	8	11	0	5.884
2006	8	12	0	5.123
2006	8	13	0	4.202
2006	8	14	0	3.659
2006	8	15	0	4.402
2006	8	16	0	6.894
2006	8	17	0	7.201
2006	8	18	0	5.342
2006	8	19	0	4.542
2006	8	20	0	4.011
2006	8	21	0	3.819
2006	8	22	0	4.145
2006	8	23	0	4.856
2006	8	24	0	5.742
2006	8	25	0	5.727
2006	8	26	0	4.556
2006	8	27	0	3.893
2006	8	28	0	3.952
2006	8	29	0	4.38
2006	8	30	0	4.501
2006	8	31	0	4.213
2006	9	1	0	3.77
2006	9	2	0	3.638
2006	9	3	0	3.843
2006	9	4	0	5.671
2006	9	5	0	6.187
2006	9	6	0	4.662
2006	9	7	0	4.217
2006	9	8	0	3.965
2006	9	9	0	3.422
2006	9	10	0	3.072
2006	9	11	0	2.799
2006	9	12	0	2.568
2006	9	13	0	2.378
2006	9	14	0	2.229
2006	9	15	0	2.09
2006	9	16	0	1.948
2006	9	17	0	1.832
2006	9	18	0	1.729
2006	9	19	0	1.639
2006	9	20	0	1.695
2006	9	21	0	1.84
2006	9	22	0	1.719
2006	9	23	0	1.544
2006	9	24	0	1.464
2006	9	25	0	1.45
2006	9	26	0	1.542
2006	9	27	0	1.696
2006	9	28	0	1.72
2006	9	29	0	1.773
2006	9	30	0	1.909
2006	10	1	0	1.605
2006	10	2	0	1.528
2006	10	3	0	1.899
2006	10	4	0	2.528
2006	10	5	0	2.322
2006	10	6	0	2.194
2006	10	7	0	2.709
2006	10	8	0	3.492
2006	10	9	0	3.265
2006	10	10	0	2.642
2006	10	11	0	2.432
2006	10	12	0	2.265
2006	10	13	0	2.132
2006	10	14	0	1.986
2006	10	15	0	1.875
2006	10	16	0	1.77
2006	10	17	0	1.672
2006	10	18	0	1.641
2006	10	19	0	1.614
2006	10	20	0	1.605
2006	10	21	0	2.088
2006	10	22	0	2.654
2006	10	23	0	2.481
2006	10	24	0	2.154
2006	10	25	0	2.033
2006	10	26	0	1.879
2006	10	27	0	1.756
2006	10	28	0	1.662
2006	10	29	0	1.577
2006	10	30	0	1.501
2006	10	31	0	1.432
2006	11	1	0	1.369
2006	11	2	0	1.311
2006	11	3	0	1.258
2006	11	4	0	1.209
2006	11	5	0	1.163
2006	11	6	0	1.121
2006	11	7	0	1.138
2006	11	8	0	1.157
2006	11	9	0	1.059
2006	11	10	0	1.019
2006	11	11	0	0.987
2006	11	12	0	0.956
2006	11	13	0	0.927
2006	11	14	0	0.9
2006	11	15	0	0.875
2006	11	16	0	0.85
2006	11	17	0	1.082
2006	11	18	0	1.325
2006	11	19	0	0.998
2006	11	20	0	0.946
2006	11	21	0	0.918
2006	11	22	0	0.908
2006	11	23	0	0.9
2006	11	24	0	0.857
2006	11	25	0	0.833
2006	11	26	0	1.15
2006	11	27	0	1.532
2006	11	28	0	1.149
2006	11	29	0	1.35
2006	11	30	0	1.655
2006	12	1	0	1.405
2006	12	2	0	1.419
2006	12	3	0	1.261
2006	12	4	0	1.199
2006	12	5	0	1.212
2006	12	6	0	1.255
2006	12	7	0	1.183
2006	12	8	0	1.108
2006	12	9	0	1.081
2006	12	10	0	1.06
2006	12	11	0	1.012
2006	12	12	0	1.004
2006	12	13	0	1
2006	12	14	0	0.943
2006	12	15	0	0.913
2006	12	16	0	0.887
2006	12	17	0	0.863
2006	12	18	0	0.84
2006	12	19	0	0.818
2006	12	20	0	0.797
2006	12	21	0	0.858
2006	12	22	0	0.924
2006	12	23	0	0.832
2006	12	24	0	1.062
2006	12	25	0	1.389
2006	12	26	0	1.228
2006	12	27	0	1.058
2006	12	28	0	1.061
2006	12	29	0	0.995
2006	12	30	0	0.954
2006	12	31	0	0.925
2007	1	1	0	0.899
2007	1	2	0	0.874
2007	1	3	0	0.851
2007	1	4	0	0.828
2007	1	5	0	0.807
2007	1	6	0	0.787
2007	1	7	0	0.768
2007	1	8	0	0.749
2007	1	9	0	0.732
2007	1	10	0	0.715
2007	1	11	0	0.699
2007	1	12	0	0.684
2007	1	13	0	0.669
2007	1	14	0	0.655
2007	1	15	0	0.642
2007	1	16	0	0.628
2007	1	17	0	0.616
2007	1	18	0	0.604
2007	1	19	0	0.592
2007	1	20	0	0.581
2007	1	21	0	0.57
2007	1	22	0	0.56
2007	1	23	0	0.55
2007	1	24	0	0.54
2007	1	25	0	0.531
2007	1	26	0	0.522
2007	1	27	0	0.513
2007	1	28	0	0.505
2007	1	29	0	0.496
2007	1	30	0	0.488
2007	1	31	0	0.481
2007	2	1	0	0.473
2007	2	2	0	0.466
2007	2	3	0	0.459
2007	2	4	0	0.455
2007	2	5	0	0.452
2007	2	6	0	0.441
2007	2	7	0	0.434
2007	2	8	0	0.428
2007	2	9	0	0.422
2007	2	10	0	0.416
2007	2	11	0	0.41
2007	2	12	0	0.405
2007	2	13	0	0.399
2007	2	14	0	0.394
2007	2	15	0	0.389
2007	2	16	0	0.384
2007	2	17	0	0.379
2007	2	18	0	0.374
2007	2	19	0	0.369
2007	2	20	0	0.365
2007	2	21	0	0.36
2007	2	22	0	0.356
2007	2	23	0	0.352
2007	2	24	0	0.348
2007	2	25	0	0.344
2007	2	26	0	0.34
2007	2	27	0	0.336
2007	2	28	0	0.332
2007	3	1	0	0.328
2007	3	2	0	0.324
2007	3	3	0	0.321
2007	3	4	0	0.317
2007	3	5	0	0.314
2007	3	6	0	0.311
2007	3	7	0	0.307
2007	3	8	0	0.304
2007	3	9	0	0.301
2007	3	10	0	0.298
2007	3	11	0	0.295
2007	3	12	0	0.348
2007	3	13	0	0.43
2007	3	14	0	0.374
2007	3	15	0	0.409
2007	3	16	0	0.494
2007	3	17	0	0.428
2007	3	18	0	0.366
2007	3	19	0	0.358
2007	3	20	0	0.354
2007	3	21	0	0.35
2007	3	22	0	0.347
2007	3	23	0	0.343
2007	3	24	0	0.34
2007	3	25	0	0.372
2007	3	26	0	0.41
2007	3	27	0	0.354
2007	3	28	0	0.517
2007	3	29	0	0.773
2007	3	30	0	0.661
2007	3	31	0	0.6
2007	4	1	0	0.498
2007	4	2	0	0.585
2007	4	3	0	0.695
2007	4	4	0	0.552
2007	4	5	0	0.634
2007	4	6	0	0.742
2007	4	7	0	0.588
2007	4	8	0	0.568
2007	4	9	0	0.559
2007	4	10	0	0.55
2007	4	11	0	0.559
2007	4	12	0	0.57
2007	4	13	0	0.598
2007	4	14	0	0.964
2007	4	15	0	1.841
2007	4	16	0	2.996
2007	4	17	0	3.171
2007	4	18	0	2.192
2007	4	19	0	1.95
2007	4	20	0	1.834
2007	4	21	0	1.734
2007	4	22	0	1.645
2007	4	23	0	1.578
2007	4	24	0	2.117
2007	4	25	0	2.982
2007	4	26	0	3.03
2007	4	27	0	3.08
2007	4	28	0	2.806
2007	4	29	0	2.57
2007	4	30	0	2.493
2007	5	1	0	2.511
2007	5	2	0	2.902
2007	5	3	0	3.394
2007	5	4	0	3.446
2007	5	5	0	3.165
2007	5	6	0	2.947
2007	5	7	0	2.76
2007	5	8	0	2.533
2007	5	9	0	2.386
2007	5	10	0	2.302
2007	5	11	0	2.15
2007	5	12	0	2.07
2007	5	13	0	2.256
2007	5	14	0	2.453
2007	5	15	0	2.352
2007	5	16	0	2.38
2007	5	17	0	2.035
2007	5	18	0	1.931
2007	5	19	0	2.096
2007	5	20	0	2.376
2007	5	21	0	2.293
2007	5	22	0	2.209
2007	5	23	0	2.17
2007	5	24	0	2.052
2007	5	25	0	2.14
2007	5	26	0	2.091
2007	5	27	0	1.917
2007	5	28	0	2.037
2007	5	29	0	2.401
2007	5	30	0	2.569
2007	5	31	0	4.702
2007	6	1	0	6.813
2007	6	2	0	5.252
2007	6	3	0	4.671
2007	6	4	0	4.696
2007	6	5	0	4.708
2007	6	6	0	4.334
2007	6	7	0	3.752
2007	6	8	0	3.317
2007	6	9	0	3.005
2007	6	10	0	2.757
2007	6	11	0	2.524
2007	6	12	0	2.335
2007	6	13	0	2.26
2007	6	14	0	2.556
2007	6	15	0	2.752
2007	6	16	0	2.579
2007	6	17	0	2.532
2007	6	18	0	2.216
2007	6	19	0	2.046
2007	6	20	0	1.919
2007	6	21	0	1.81
2007	6	22	0	1.725
2007	6	23	0	2.239
2007	6	24	0	3.691
2007	6	25	0	4.27
2007	6	26	0	3.789
2007	6	27	0	3.442
2007	6	28	0	2.93
2007	6	29	0	2.667
2007	6	30	0	2.458
2007	7	1	0	2.397
2007	7	2	0	2.633
2007	7	3	0	2.668
2007	7	4	0	2.592
2007	7	5	0	3.406
2007	7	6	0	3.729
2007	7	7	0	2.995
2007	7	8	0	2.66
2007	7	9	0	2.931
2007	7	10	0	4.425
2007	7	11	0	5.184
2007	7	12	0	4.254
2007	7	13	0	3.917
2007	7	14	0	3.687
2007	7	15	0	3.588
2007	7	16	0	3.461
2007	7	17	0	3.094
2007	7	18	0	4.477
2007	7	19	0	5.64
2007	7	20	0	4.2
2007	7	21	0	3.591
2007	7	22	0	3.226
2007	7	23	0	2.926
2007	7	24	0	2.896
2007	7	25	0	3.119
2007	7	26	0	2.983
2007	7	27	0	2.683
2007	7	28	0	2.738
2007	7	29	0	2.756
2007	7	30	0	2.916
2007	7	31	0	3.427
2007	8	1	0	3.288
2007	8	2	0	3.046
2007	8	3	0	3.079
2007	8	4	0	2.608
2007	8	5	0	2.417
2007	8	6	0	2.404
2007	8	7	0	2.348
2007	8	8	0	2.091
2007	8	9	0	1.957
2007	8	10	0	1.846
2007	8	11	0	1.75
2007	8	12	0	2.195
2007	8	13	0	3.773
2007	8	14	0	4.957
2007	8	15	0	4.437
2007	8	16	0	4.948
2007	8	17	0	5.461
2007	8	18	0	4.131
2007	8	19	0	3.616
2007	8	20	0	3.24
2007	8	21	0	2.941
2007	8	22	0	2.691
2007	8	23	0	2.476
2007	8	24	0	2.294
2007	8	25	0	2.139
2007	8	26	0	2.005
2007	8	27	0	2.193
2007	8	28	0	2.362
2007	8	29	0	1.973
2007	8	30	0	1.838
2007	8	31	0	1.739
2007	9	1	0	1.649
2007	9	2	0	1.569
2007	9	3	0	1.499
2007	9	4	0	1.518
2007	9	5	0	1.633
2007	9	6	0	1.625
2007	9	7	0	1.548
2007	9	8	0	1.458
2007	9	9	0	1.775
2007	9	10	0	2.19
2007	9	11	0	2.011
2007	9	12	0	1.95
2007	9	13	0	1.701
2007	9	14	0	1.975
2007	9	15	0	2.296
2007	9	16	0	1.912
2007	9	17	0	1.814
2007	9	18	0	1.773
2007	9	19	0	1.658
2007	9	20	0	1.552
2007	9	21	0	1.547
2007	9	22	0	1.735
2007	9	23	0	1.807
2007	9	24	0	1.713
2007	9	25	0	1.938
2007	9	26	0	1.918
2007	9	27	0	1.638
2007	9	28	0	1.548
2007	9	29	0	1.471
2007	9	30	0	1.647
2007	10	1	0	2.343
2007	10	2	0	2.538
2007	10	3	0	1.935
2007	10	4	0	1.787
2007	10	5	0	1.69
2007	10	6	0	1.605
2007	10	7	0	1.564
2007	10	8	0	1.527
2007	10	9	0	1.426
2007	10	10	0	1.36
2007	10	11	0	1.303
2007	10	12	0	1.25
2007	10	13	0	1.202
2007	10	14	0	1.177
2007	10	15	0	1.321
2007	10	16	0	1.434
2007	10	17	0	1.279
2007	10	18	0	1.268
2007	10	19	0	1.162
2007	10	20	0	1.116
2007	10	21	0	1.256
2007	10	22	0	1.415
2007	10	23	0	1.197
2007	10	24	0	1.125
2007	10	25	0	1.087
2007	10	26	0	1.049
2007	10	27	0	1.015
2007	10	28	0	1.157
2007	10	29	0	1.609
2007	10	30	0	1.687
2007	10	31	0	1.298
2007	11	1	0	1.225
2007	11	2	0	1.18
2007	11	3	0	1.136
2007	11	4	0	1.096
2007	11	5	0	1.059
2007	11	6	0	1.024
2007	11	7	0	0.992
2007	11	8	0	0.961
2007	11	9	0	0.933
2007	11	10	0	0.906
2007	11	11	0	0.88
2007	11	12	0	0.856
2007	11	13	0	0.833
2007	11	14	0	0.811
2007	11	15	0	0.79
2007	11	16	0	0.771
2007	11	17	0	0.815
2007	11	18	0	0.862
2007	11	19	0	0.767
2007	11	20	0	0.742
2007	11	21	0	0.725
2007	11	22	0	0.709
2007	11	23	0	0.693
2007	11	24	0	0.677
2007	11	25	0	0.663
2007	11	26	0	0.649
2007	11	27	0	0.635
2007	11	28	0	0.623
2007	11	29	0	0.61
2007	11	30	0	0.598
2007	12	1	0	0.587
2007	12	2	0	0.576
2007	12	3	0	0.565
2007	12	4	0	0.555
2007	12	5	0	0.545
2007	12	6	0	0.546
2007	12	7	0	0.565
2007	12	8	0	0.562
2007	12	9	0	0.527
2007	12	10	0	0.516
2007	12	11	0	0.508
2007	12	12	0	0.499
2007	12	13	0	0.491
2007	12	14	0	0.483
2007	12	15	0	0.476
2007	12	16	0	0.468
2007	12	17	0	0.461
2007	12	18	0	0.454
2007	12	19	0	0.448
2007	12	20	0	0.441
2007	12	21	0	0.435
2007	12	22	0	0.428
2007	12	23	0	0.422
2007	12	24	0	0.417
2007	12	25	0	0.411
2007	12	26	0	0.405
2007	12	27	0	0.4
2007	12	28	0	0.419
2007	12	29	0	0.44
2007	12	30	0	0.4
2007	12	31	0	0.392
2008	1	1	0	0.387
2008	1	2	0	0.382
2008	1	3	0	0.377
2008	1	4	0	0.372
2008	1	5	0	0.368
2008	1	6	0	0.363
2008	1	7	0	0.359
2008	1	8	0	0.355
2008	1	9	0	0.35
2008	1	10	0	0.346
2008	1	11	0	0.342
2008	1	12	0	0.338
2008	1	13	0	0.335
2008	1	14	0	0.331
2008	1	15	0	0.327
2008	1	16	0	0.324
2008	1	17	0	0.32
2008	1	18	0	0.317
2008	1	19	0	0.313
2008	1	20	0	0.31
2008	1	21	0	0.307
2008	1	22	0	0.303
2008	1	23	0	0.3
2008	1	24	0	0.297
2008	1	25	0	0.294
2008	1	26	0	0.291
2008	1	27	0	0.288
2008	1	28	0	0.285
2008	1	29	0	0.283
2008	1	30	0	0.28
2008	1	31	0	0.277
2008	2	1	0	0.275
2008	2	2	0	0.272
2008	2	3	0	0.269
2008	2	4	0	0.267
2008	2	5	0	0.264
2008	2	6	0	0.262
2008	2	7	0	0.26
2008	2	8	0	0.257
2008	2	9	0	0.255
2008	2	10	0	0.253
2008	2	11	0	0.251
2008	2	12	0	0.248
2008	2	13	0	0.246
2008	2	14	0	0.244
2008	2	15	0	0.242
2008	2	16	0	0.24
2008	2	17	0	0.238
2008	2	18	0	0.26
2008	2	19	0	0.308
2008	2	20	0	0.291
2008	2	21	0	0.251
2008	2	22	0	0.247
2008	2	23	0	0.245
2008	2	24	0	0.243
2008	2	25	0	0.241
2008	2	26	0	0.239
2008	2	27	0	0.237
2008	2	28	0	0.235
2008	2	29	0	0.233
2008	3	1	0	0.231
2008	3	2	0	0.23
2008	3	3	0	0.228
2008	3	4	0	0.226
2008	3	5	0	0.224
2008	3	6	0	0.223
2008	3	7	0	0.221
2008	3	8	0	0.219
2008	3	9	0	0.218
2008	3	10	0	0.22
2008	3	11	0	0.224
2008	3	12	0	0.228
2008	3	13	0	0.241
2008	3	14	0	0.218
2008	3	15	0	0.215
2008	3	16	0	0.213
2008	3	17	0	0.212
2008	3	18	0	0.21
2008	3	19	0	0.209
2008	3	20	0	0.207
2008	3	21	0	0.206
2008	3	22	0	0.204
2008	3	23	0	0.203
2008	3	24	0	0.202
2008	3	25	0	0.2
2008	3	26	0	0.199
2008	3	27	0	0.198
2008	3	28	0	0.196
2008	3	29	0	0.195
2008	3	30	0	0.194
2008	3	31	0	0.192
2008	4	1	0	0.194
2008	4	2	0	0.203
2008	4	3	0	0.214
2008	4	4	0	0.213
2008	4	5	0	0.203
2008	4	6	0	0.194
2008	4	7	0	0.192
2008	4	8	0	0.191
2008	4	9	0	0.189
2008	4	10	0	0.188
2008	4	11	0	0.187
2008	4	12	0	0.186
2008	4	13	0	0.185
2008	4	14	0	0.184
2008	4	15	0	0.182
2008	4	16	0	0.181
2008	4	17	0	0.18
2008	4	18	0	0.179
2008	4	19	0	0.178
2008	4	20	0	0.177
2008	4	21	0	0.192
2008	4	22	0	0.234
2008	4	23	0	0.296
2008	4	24	0	0.394
2008	4	25	0	0.474
2008	4	26	0	0.634
2008	4	27	0	0.791
2008	4	28	0	1.029
2008	4	29	0	1.678
2008	4	30	0	2.599
2008	5	1	0	3.929
2008	5	2	0	5.703
2008	5	3	0	7.954
2008	5	4	0	8.349
2008	5	5	0	7.908
2008	5	6	0	8.534
2008	5	7	0	9.152
2008	5	8	0	10.125
2008	5	9	0	11.198
2008	5	10	0	11.895
2008	5	11	0	12.438
2008	5	12	0	10.824
2008	5	13	0	7.84
2008	5	14	0	6.3
2008	5	15	0	5.378
2008	5	16	0	4.851
2008	5	17	0	4.388
2008	5	18	0	3.826
2008	5	19	0	3.401
2008	5	20	0	3.088
2008	5	21	0	2.915
2008	5	22	0	2.9
2008	5	23	0	3.239
2008	5	24	0	3.691
2008	5	25	0	3.579
2008	5	26	0	3.672
2008	5	27	0	3.726
2008	5	28	0	4.113
2008	5	29	0	5.236
2008	5	30	0	5.88
2008	5	31	0	6.635
2008	6	1	0	6.615
2008	6	2	0	5.966
2008	6	3	0	5.12
2008	6	4	0	4.411
2008	6	5	0	3.906
2008	6	6	0	3.466
2008	6	7	0	3.118
2008	6	8	0	2.839
2008	6	9	0	2.608
2008	6	10	0	2.439
2008	6	11	0	2.312
2008	6	12	0	2.189
2008	6	13	0	2.237
2008	6	14	0	2.607
2008	6	15	0	3.012
2008	6	16	0	2.843
2008	6	17	0	2.48
2008	6	18	0	2.592
2008	6	19	0	2.628
2008	6	20	0	2.544
2008	6	21	0	2.92
2008	6	22	0	2.804
2008	6	23	0	2.687
2008	6	24	0	2.802
2008	6	25	0	2.448
2008	6	26	0	2.224
2008	6	27	0	2.093
2008	6	28	0	2.303
2008	6	29	0	2.53
2008	6	30	0	2.718
2008	7	1	0	3.059
2008	7	2	0	2.45
2008	7	3	0	2.223
2008	7	4	0	2.072
2008	7	5	0	1.943
2008	7	6	0	1.828
2008	7	7	0	2.788
2008	7	8	0	3.86
2008	7	9	0	2.932
2008	7	10	0	2.58
2008	7	11	0	2.353
2008	7	12	0	2.184
2008	7	13	0	2.496
2008	7	14	0	3.234
2008	7	15	0	3.127
2008	7	16	0	2.671
2008	7	17	0	2.623
2008	7	18	0	2.71
2008	7	19	0	3.083
2008	7	20	0	3.113
2008	7	21	0	2.768
2008	7	22	0	2.745
2008	7	23	0	2.545
2008	7	24	0	2.274
2008	7	25	0	2.113
2008	7	26	0	1.979
2008	7	27	0	1.86
2008	7	28	0	1.755
2008	7	29	0	2.011
2008	7	30	0	2.574
2008	7	31	0	2.477
2008	8	1	0	2.172
2008	8	2	0	3.024
2008	8	3	0	4.304
2008	8	4	0	4.831
2008	8	5	0	4.842
2008	8	6	0	3.751
2008	8	7	0	3.518
2008	8	8	0	3.997
2008	8	9	0	4.08
2008	8	10	0	3.369
2008	8	11	0	3.718
2008	8	12	0	4.064
2008	8	13	0	3.745
2008	8	14	0	4.236
2008	8	15	0	4.678
2008	8	16	0	4.277
2008	8	17	0	3.543
2008	8	18	0	3.159
2008	8	19	0	3.059
2008	8	20	0	3.005
2008	8	21	0	2.682
2008	8	22	0	2.465
2008	8	23	0	2.547
2008	8	24	0	2.621
2008	8	25	0	2.248
2008	8	26	0	2.383
2008	8	27	0	2.85
2008	8	28	0	2.826
2008	8	29	0	2.548
2008	8	30	0	2.386
2008	8	31	0	2.231
2008	9	1	0	2.162
2008	9	2	0	1.97
2008	9	3	0	2.307
2008	9	4	0	2.801
2008	9	5	0	2.613
2008	9	6	0	2.516
2008	9	7	0	2.253
2008	9	8	0	2.076
2008	9	9	0	2.014
2008	9	10	0	1.936
2008	9	11	0	1.818
2008	9	12	0	1.738
2008	9	13	0	1.631
2008	9	14	0	1.544
2008	9	15	0	1.471
2008	9	16	0	1.404
2008	9	17	0	1.343
2008	9	18	0	1.287
2008	9	19	0	1.24
2008	9	20	0	1.205
2008	9	21	0	1.163
2008	9	22	0	1.136
2008	9	23	0	1.157
2008	9	24	0	1.134
2008	9	25	0	1.053
2008	9	26	0	1.016
2008	9	27	0	0.987
2008	9	28	0	0.962
2008	9	29	0	0.931
2008	9	30	0	0.901
2008	10	1	0	0.924
2008	10	2	0	1.293
2008	10	3	0	1.819
2008	10	4	0	1.648
2008	10	5	0	1.363
2008	10	6	0	1.322
2008	10	7	0	1.23
2008	10	8	0	1.179
2008	10	9	0	1.825
2008	10	10	0	2.602
2008	10	11	0	2.204
2008	10	12	0	2.242
2008	10	13	0	1.94
2008	10	14	0	1.81
2008	10	15	0	1.689
2008	10	16	0	1.605
2008	10	17	0	1.545
2008	10	18	0	1.488
2008	10	19	0	1.409
2008	10	20	0	1.391
2008	10	21	0	1.688
2008	10	22	0	1.887
2008	10	23	0	1.509
2008	10	24	0	1.482
2008	10	25	0	1.546
2008	10	26	0	1.536
2008	10	27	0	1.453
2008	10	28	0	1.34
2008	10	29	0	1.282
2008	10	30	0	1.231
2008	10	31	0	1.184
2008	11	1	0	1.141
2008	11	2	0	1.101
2008	11	3	0	1.063
2008	11	4	0	1.207
2008	11	5	0	1.367
2008	11	6	0	1.192
2008	11	7	0	1.17
2008	11	8	0	1.081
2008	11	9	0	1.06
2008	11	10	0	1.063
2008	11	11	0	1.029
2008	11	12	0	0.975
2008	11	13	0	0.944
2008	11	14	0	0.916
2008	11	15	0	0.89
2008	11	16	0	0.87
2008	11	17	0	0.852
2008	11	18	0	0.824
2008	11	19	0	0.802
2008	11	20	0	0.781
2008	11	21	0	0.762
2008	11	22	0	0.744
2008	11	23	0	0.726
2008	11	24	0	0.71
2008	11	25	0	0.694
2008	11	26	0	0.678
2008	11	27	0	0.664
2008	11	28	0	0.661
2008	11	29	0	0.66
2008	11	30	0	0.632
2008	12	1	0	0.618
2008	12	2	0	0.605
2008	12	3	0	0.594
2008	12	4	0	0.582
2008	12	5	0	0.571
2008	12	6	0	0.561
2008	12	7	0	0.551
2008	12	8	0	0.541
2008	12	9	0	0.531
2008	12	10	0	0.522
2008	12	11	0	0.513
2008	12	12	0	0.505
2008	12	13	0	0.496
2008	12	14	0	0.488
2008	12	15	0	0.48
2008	12	16	0	0.473
2008	12	17	0	0.466
2008	12	18	0	0.458
2008	12	19	0	0.451
2008	12	20	0	0.445
2008	12	21	0	0.438
2008	12	22	0	0.432
2008	12	23	0	0.426
2008	12	24	0	0.42
2008	12	25	0	0.414
2008	12	26	0	0.408
2008	12	27	0	0.403
2008	12	28	0	0.397
2008	12	29	0	0.392
2008	12	30	0	0.387
2008	12	31	0	0.382
2009	1	1	0	0.377
2009	1	2	0	0.372
2009	1	3	0	0.367
2009	1	4	0	0.363
2009	1	5	0	0.358
2009	1	6	0	0.354
2009	1	7	0	0.35
2009	1	8	0	0.346
2009	1	9	0	0.342
2009	1	10	0	0.338
2009	1	11	0	0.334
2009	1	12	0	0.358
2009	1	13	0	0.428
2009	1	14	0	0.429
2009	1	15	0	0.358
2009	1	16	0	0.349
2009	1	17	0	0.345
2009	1	18	0	0.341
2009	1	19	0	0.337
2009	1	20	0	0.334
2009	1	21	0	0.33
2009	1	22	0	0.327
2009	1	23	0	0.323
2009	1	24	0	0.32
2009	1	25	0	0.316
2009	1	26	0	0.313
2009	1	27	0	0.31
2009	1	28	0	0.306
2009	1	29	0	0.303
2009	1	30	0	0.3
2009	1	31	0	0.297
2009	2	1	0	0.294
2009	2	2	0	0.291
2009	2	3	0	0.289
2009	2	4	0	0.286
2009	2	5	0	0.283
2009	2	6	0	0.28
2009	2	7	0	0.278
2009	2	8	0	0.275
2009	2	9	0	0.273
2009	2	10	0	0.27
2009	2	11	0	0.268
2009	2	12	0	0.265
2009	2	13	0	0.263
2009	2	14	0	0.26
2009	2	15	0	0.258
2009	2	16	0	0.256
2009	2	17	0	0.254
2009	2	18	0	0.251
2009	2	19	0	0.249
2009	2	20	0	0.247
2009	2	21	0	0.245
2009	2	22	0	0.243
2009	2	23	0	0.241
2009	2	24	0	0.239
2009	2	25	0	0.237
2009	2	26	0	0.235
2009	2	27	0	0.233
2009	2	28	0	0.231
2009	3	1	0	0.229
2009	3	2	0	0.228
2009	3	3	0	0.226
2009	3	4	0	0.224
2009	3	5	0	0.222
2009	3	6	0	0.22
2009	3	7	0	0.219
2009	3	8	0	0.217
2009	3	9	0	0.215
2009	3	10	0	0.214
2009	3	11	0	0.212
2009	3	12	0	0.211
2009	3	13	0	0.209
2009	3	14	0	0.208
2009	3	15	0	0.206
2009	3	16	0	0.204
2009	3	17	0	0.203
2009	3	18	0	0.202
2009	3	19	0	0.2
2009	3	20	0	0.199
2009	3	21	0	0.213
2009	3	22	0	0.243
2009	3	23	0	0.23
2009	3	24	0	0.205
2009	3	25	0	0.202
2009	3	26	0	0.201
2009	3	27	0	0.199
2009	3	28	0	0.198
2009	3	29	0	0.197
2009	3	30	0	0.195
2009	3	31	0	0.194
2009	4	1	0	0.193
2009	4	2	0	0.195
2009	4	3	0	0.282
2009	4	4	0	0.478
2009	4	5	0	0.639
2009	4	6	0	0.713
2009	4	7	0	0.468
2009	4	8	0	0.491
2009	4	9	0	0.621
2009	4	10	0	0.508
2009	4	11	0	0.743
2009	4	12	0	1.357
2009	4	13	0	1.549
2009	4	14	0	1.191
2009	4	15	0	1.253
2009	4	16	0	1.617
2009	4	17	0	1.723
2009	4	18	0	1.338
2009	4	19	0	1.248
2009	4	20	0	1.365
2009	4	21	0	1.513
2009	4	22	0	1.451
2009	4	23	0	1.631
2009	4	24	0	2.061
2009	4	25	0	2.797
2009	4	26	0	3.4
2009	4	27	0	4.045
2009	4	28	0	4.389
2009	4	29	0	4.268
2009	4	30	0	3.954
2009	5	1	0	4.373
2009	5	2	0	5.357
2009	5	3	0	5.672
2009	5	4	0	4.799
2009	5	5	0	4.081
2009	5	6	0	3.565
2009	5	7	0	3.201
2009	5	8	0	2.929
2009	5	9	0	2.735
2009	5	10	0	2.562
2009	5	11	0	2.37
2009	5	12	0	2.185
2009	5	13	0	2.056
2009	5	14	0	1.956
2009	5	15	0	1.865
2009	5	16	0	1.868
2009	5	17	0	1.959
2009	5	18	0	1.937
2009	5	19	0	1.849
2009	5	20	0	2.071
2009	5	21	0	2.469
2009	5	22	0	2.622
2009	5	23	0	2.748
2009	5	24	0	2.885
2009	5	25	0	2.989
2009	5	26	0	2.965
2009	5	27	0	4.131
2009	5	28	0	5.121
2009	5	29	0	3.937
2009	5	30	0	3.924
2009	5	31	0	4.116
2009	6	1	0	4.21
2009	6	2	0	3.971
2009	6	3	0	3.56
2009	6	4	0	3.172
2009	6	5	0	2.968
2009	6	6	0	2.841
2009	6	7	0	3.08
2009	6	8	0	3.388
2009	6	9	0	2.954
2009	6	10	0	2.793
2009	6	11	0	2.63
2009	6	12	0	2.571
2009	6	13	0	3.024
2009	6	14	0	3.523
2009	6	15	0	3.046
2009	6	16	0	2.607
2009	6	17	0	2.395
2009	6	18	0	2.429
2009	6	19	0	3.105
2009	6	20	0	3.901
2009	6	21	0	3.656
2009	6	22	0	3.001
2009	6	23	0	2.739
2009	6	24	0	2.558
2009	6	25	0	2.425
2009	6	26	0	2.331
2009	6	27	0	2.206
2009	6	28	0	2.067
2009	6	29	0	1.935
2009	6	30	0	1.92
2009	7	1	0	1.906
2009	7	2	0	1.723
2009	7	3	0	1.623
2009	7	4	0	1.542
2009	7	5	0	1.468
2009	7	6	0	1.532
2009	7	7	0	1.624
2009	7	8	0	2.582
2009	7	9	0	4.52
2009	7	10	0	4.241
2009	7	11	0	3.843
2009	7	12	0	4.028
2009	7	13	0	3.48
2009	7	14	0	3.031
2009	7	15	0	3.21
2009	7	16	0	3.619
2009	7	17	0	3.533
2009	7	18	0	3.322
2009	7	19	0	3.094
2009	7	20	0	4.345
2009	7	21	0	7.67
2009	7	22	0	8.827
2009	7	23	0	6.726
2009	7	24	0	5.733
2009	7	25	0	5.165
2009	7	26	0	4.759
2009	7	27	0	4.514
2009	7	28	0	4.396
2009	7	29	0	4.277
2009	7	30	0	3.758
2009	7	31	0	4.394
2009	8	1	0	5.004
2009	8	2	0	3.904
2009	8	3	0	3.506
2009	8	4	0	3.826
2009	8	5	0	4.04
2009	8	6	0	3.414
2009	8	7	0	3.004
2009	8	8	0	2.747
2009	8	9	0	2.711
2009	8	10	0	2.918
2009	8	11	0	3.273
2009	8	12	0	3.805
2009	8	13	0	3.906
2009	8	14	0	3.471
2009	8	15	0	2.948
2009	8	16	0	3.791
2009	8	17	0	4.809
2009	8	18	0	4.417
2009	8	19	0	4.22
2009	8	20	0	3.504
2009	8	21	0	3.559
2009	8	22	0	3.622
2009	8	23	0	3.033
2009	8	24	0	2.742
2009	8	25	0	2.52
2009	8	26	0	2.832
2009	8	27	0	3.674
2009	8	28	0	3.73
2009	8	29	0	4.561
2009	8	30	0	5.607
2009	8	31	0	4.559
2009	9	1	0	4.103
2009	9	2	0	4.352
2009	9	3	0	4.391
2009	9	4	0	3.681
2009	9	5	0	3.866
2009	9	6	0	3.943
2009	9	7	0	3.372
2009	9	8	0	3.082
2009	9	9	0	3.325
2009	9	10	0	3.365
2009	9	11	0	2.816
2009	9	12	0	2.923
2009	9	13	0	3.034
2009	9	14	0	2.551
2009	9	15	0	2.341
2009	9	16	0	2.18
2009	9	17	0	2.035
2009	9	18	0	2.077
2009	9	19	0	2.115
2009	9	20	0	1.859
2009	9	21	0	1.743
2009	9	22	0	1.65
2009	9	23	0	1.588
2009	9	24	0	1.55
2009	9	25	0	1.493
2009	9	26	0	1.419
2009	9	27	0	1.344
2009	9	28	0	1.289
2009	9	29	0	1.241
2009	9	30	0	1.193
2009	10	1	0	1.16
2009	10	2	0	1.131
2009	10	3	0	1.078
2009	10	4	0	1.041
2009	10	5	0	1.009
2009	10	6	0	0.979
2009	10	7	0	0.946
2009	10	8	0	0.918
2009	10	9	0	0.891
2009	10	10	0	0.866
2009	10	11	0	0.842
2009	10	12	0	0.819
2009	10	13	0	0.798
2009	10	14	0	0.777
2009	10	15	0	0.758
2009	10	16	0	1.068
2009	10	17	0	1.432
2009	10	18	0	1.043
2009	10	19	0	0.948
2009	10	20	0	0.919
2009	10	21	0	0.891
2009	10	22	0	0.879
2009	10	23	0	0.869
2009	10	24	0	0.843
2009	10	25	0	0.829
2009	10	26	0	0.807
2009	10	27	0	0.797
2009	10	28	0	0.765
2009	10	29	0	0.746
2009	10	30	0	0.728
2009	10	31	0	0.79
2009	11	1	0	0.856
2009	11	2	0	0.741
2009	11	3	0	0.717
2009	11	4	0	0.701
2009	11	5	0	0.685
2009	11	6	0	0.671
2009	11	7	0	0.656
2009	11	8	0	0.667
2009	11	9	0	0.68
2009	11	10	0	0.635
2009	11	11	0	0.62
2009	11	12	0	0.608
2009	11	13	0	0.596
2009	11	14	0	0.585
2009	11	15	0	0.574
2009	11	16	0	0.603
2009	11	17	0	0.635
2009	11	18	0	0.614
2009	11	19	0	0.644
2009	11	20	0	0.578
2009	11	21	0	0.695
2009	11	22	0	0.833
2009	11	23	0	0.649
2009	11	24	0	0.619
2009	11	25	0	0.607
2009	11	26	0	0.595
2009	11	27	0	0.595
2009	11	28	0	0.596
2009	11	29	0	0.571
2009	11	30	0	0.56
2009	12	1	0	0.55
2009	12	2	0	0.541
2009	12	3	0	0.532
2009	12	4	0	0.523
2009	12	5	0	0.514
2009	12	6	0	0.506
2009	12	7	0	0.498
2009	12	8	0	0.49
2009	12	9	0	0.482
2009	12	10	0	0.475
2009	12	11	0	0.468
2009	12	12	0	0.461
2009	12	13	0	0.454
2009	12	14	0	0.448
2009	12	15	0	0.441
2009	12	16	0	0.435
2009	12	17	0	0.429
2009	12	18	0	0.423
2009	12	19	0	0.417
2009	12	20	0	0.411
2009	12	21	0	0.406
2009	12	22	0	0.401
2009	12	23	0	0.395
2009	12	24	0	0.39
2009	12	25	0	0.385
2009	12	26	0	0.38
2009	12	27	0	0.376
2009	12	28	0	0.371
2009	12	29	0	0.367
2009	12	30	0	0.362
2009	12	31	0	0.358
2010	1	1	0	0.354
2010	1	2	0	0.349
2010	1	3	0	0.345
2010	1	4	0	0.341
2010	1	5	0	0.338
2010	1	6	0	0.334
2010	1	7	0	0.33
2010	1	8	0	0.326
2010	1	9	0	0.323
2010	1	10	0	0.319
2010	1	11	0	0.316
2010	1	12	0	0.313
2010	1	13	0	0.309
2010	1	14	0	0.306
2010	1	15	0	0.303
2010	1	16	0	0.3
2010	1	17	0	0.297
2010	1	18	0	0.294
2010	1	19	0	0.291
2010	1	20	0	0.288
2010	1	21	0	0.285
2010	1	22	0	0.282
2010	1	23	0	0.28
2010	1	24	0	0.277
2010	1	25	0	0.274
2010	1	26	0	0.272
2010	1	27	0	0.269
2010	1	28	0	0.267
2010	1	29	0	0.264
2010	1	30	0	0.262
2010	1	31	0	0.259
2010	2	1	0	0.257
2010	2	2	0	0.255
2010	2	3	0	0.253
2010	2	4	0	0.25
2010	2	5	0	0.248
2010	2	6	0	0.246
2010	2	7	0	0.244
2010	2	8	0	0.242
2010	2	9	0	0.24
2010	2	10	0	0.238
2010	2	11	0	0.236
2010	2	12	0	0.234
2010	2	13	0	0.232
2010	2	14	0	0.23
2010	2	15	0	0.228
2010	2	16	0	0.226
2010	2	17	0	0.225
2010	2	18	0	0.223
2010	2	19	0	0.221
2010	2	20	0	0.219
2010	2	21	0	0.218
2010	2	22	0	0.216
2010	2	23	0	0.214
2010	2	24	0	0.213
2010	2	25	0	0.211
2010	2	26	0	0.209
2010	2	27	0	0.208
2010	2	28	0	0.206
2010	3	1	0	0.205
2010	3	2	0	0.203
2010	3	3	0	0.202
2010	3	4	0	0.2
2010	3	5	0	0.199
2010	3	6	0	0.198
2010	3	7	0	0.196
2010	3	8	0	0.195
2010	3	9	0	0.193
2010	3	10	0	0.192
2010	3	11	0	0.197
2010	3	12	0	0.204
2010	3	13	0	0.191
2010	3	14	0	0.189
2010	3	15	0	0.188
2010	3	16	0	0.187
2010	3	17	0	0.185
2010	3	18	0	0.184
2010	3	19	0	0.204
2010	3	20	0	0.247
2010	3	21	0	0.249
2010	3	22	0	0.227
2010	3	23	0	0.2
2010	3	24	0	0.197
2010	3	25	0	0.195
2010	3	26	0	0.195
2010	3	27	0	0.227
2010	3	28	0	0.269
2010	3	29	0	0.218
2010	3	30	0	0.204
2010	3	31	0	0.202
2010	4	1	0	0.211
2010	4	2	0	0.222
2010	4	3	0	0.204
2010	4	4	0	0.201
2010	4	5	0	0.204
2010	4	6	0	0.207
2010	4	7	0	0.201
2010	4	8	0	0.248
2010	4	9	0	0.311
2010	4	10	0	0.249
2010	4	11	0	0.226
2010	4	12	0	0.264
2010	4	13	0	0.382
2010	4	14	0	0.412
2010	4	15	0	0.433
2010	4	16	0	0.59
2010	4	17	0	0.357
2010	4	18	0	0.329
2010	4	19	0	0.326
2010	4	20	0	0.324
2010	4	21	0	0.321
2010	4	22	0	0.319
2010	4	23	0	0.316
2010	4	24	0	0.314
2010	4	25	0	0.312
2010	4	26	0	0.352
2010	4	27	0	0.47
2010	4	28	0	0.484
2010	4	29	0	0.369
2010	4	30	0	0.648
2010	5	1	0	1.188
2010	5	2	0	0.996
2010	5	3	0	0.661
2010	5	4	0	0.628
2010	5	5	0	0.618
2010	5	6	0	0.609
2010	5	7	0	0.62
2010	5	8	0	0.648
2010	5	9	0	0.646
2010	5	10	0	0.639
2010	5	11	0	0.605
2010	5	12	0	0.59
2010	5	13	0	0.624
2010	5	14	0	0.739
2010	5	15	0	1.149
2010	5	16	0	2.759
2010	5	17	0	4.905
2010	5	18	0	4.934
2010	5	19	0	4.569
2010	5	20	0	6.754
2010	5	21	0	9.475
2010	5	22	0	10.491
2010	5	23	0	11.055
2010	5	24	0	9.039
2010	5	25	0	6.777
2010	5	26	0	5.619
2010	5	27	0	4.799
2010	5	28	0	4.221
2010	5	29	0	4.297
2010	5	30	0	4.311
2010	5	31	0	3.86
2010	6	1	0	4.094
2010	6	2	0	4.285
2010	6	3	0	3.99
2010	6	4	0	3.51
2010	6	5	0	3.215
2010	6	6	0	3.078
2010	6	7	0	2.938
2010	6	8	0	3
2010	6	9	0	3.551
2010	6	10	0	3.562
2010	6	11	0	2.92
2010	6	12	0	3.949
2010	6	13	0	5.927
2010	6	14	0	5.594
2010	6	15	0	4.397
2010	6	16	0	3.842
2010	6	17	0	3.546
2010	6	18	0	3.3
2010	6	19	0	4.263
2010	6	20	0	5.085
2010	6	21	0	4.132
2010	6	22	0	4.17
2010	6	23	0	4.26
2010	6	24	0	3.796
2010	6	25	0	4.819
2010	6	26	0	5.959
2010	6	27	0	4.61
2010	6	28	0	3.882
2010	6	29	0	3.973
2010	6	30	0	4.324
2010	7	1	0	5.945
2010	7	2	0	6.999
2010	7	3	0	4.984
2010	7	4	0	4.912
2010	7	5	0	4.865
2010	7	6	0	3.957
2010	7	7	0	3.495
2010	7	8	0	3.146
2010	7	9	0	2.887
2010	7	10	0	2.704
2010	7	11	0	2.506
2010	7	12	0	2.615
2010	7	13	0	3.359
2010	7	14	0	4.695
2010	7	15	0	5.021
2010	7	16	0	4.851
2010	7	17	0	5.168
2010	7	18	0	4.327
2010	7	19	0	4.083
2010	7	20	0	3.476
2010	7	21	0	3.154
2010	7	22	0	4.181
2010	7	23	0	4.975
2010	7	24	0	3.682
2010	7	25	0	3.247
2010	7	26	0	3.219
2010	7	27	0	3.263
2010	7	28	0	2.879
2010	7	29	0	2.766
2010	7	30	0	3.042
2010	7	31	0	3.775
2010	8	1	0	4.48
2010	8	2	0	4.206
2010	8	3	0	3.778
2010	8	4	0	3.557
2010	8	5	0	3.373
2010	8	6	0	4.076
2010	8	7	0	5.263
2010	8	8	0	4.59
2010	8	9	0	3.701
2010	8	10	0	3.422
2010	8	11	0	3.401
2010	8	12	0	3.682
2010	8	13	0	3.691
2010	8	14	0	4.067
2010	8	15	0	4.576
2010	8	16	0	3.506
2010	8	17	0	3.115
2010	8	18	0	2.836
2010	8	19	0	2.823
2010	8	20	0	2.802
2010	8	21	0	2.538
2010	8	22	0	2.434
2010	8	23	0	2.317
2010	8	24	0	2.611
2010	8	25	0	3.126
2010	8	26	0	3.174
2010	8	27	0	2.984
2010	8	28	0	3.316
2010	8	29	0	4.179
2010	8	30	0	4.522
2010	8	31	0	3.633
2010	9	1	0	3.594
2010	9	2	0	3.378
2010	9	3	0	2.935
2010	9	4	0	2.699
2010	9	5	0	2.51
2010	9	6	0	2.357
2010	9	7	0	2.191
2010	9	8	0	2.034
2010	9	9	0	1.922
2010	9	10	0	1.827
2010	9	11	0	1.759
2010	9	12	0	2.305
2010	9	13	0	2.88
2010	9	14	0	2.647
2010	9	15	0	2.754
2010	9	16	0	2.416
2010	9	17	0	2.301
2010	9	18	0	2.556
2010	9	19	0	2.814
2010	9	20	0	2.677
2010	9	21	0	2.303
2010	9	22	0	2.153
2010	9	23	0	2.115
2010	9	24	0	3.251
2010	9	25	0	4.343
2010	9	26	0	3.305
2010	9	27	0	2.824
2010	9	28	0	2.581
2010	9	29	0	2.526
2010	9	30	0	2.645
2010	10	1	0	2.553
2010	10	2	0	2.289
2010	10	3	0	2.187
2010	10	4	0	2.539
2010	10	5	0	3.526
2010	10	6	0	4.076
2010	10	7	0	4.696
2010	10	8	0	5.097
2010	10	9	0	3.835
2010	10	10	0	3.402
